x,y,z,latitude,longitude,speed,sound,light,time,timestamp
-0.4213795 ,1.0031705 ,10.093954,23.53658535517752,87.33598382212222 ,21.131999588012697,68.92130885073277 ,0.0,18:04:42 pm,1663677282766
-0.48362875 ,0.9672575 ,10.386047,23.53658535517752,87.33598382212222 ,21.131999588012697,68.92130885073277 ,0.0,18:04:42 pm,1663677282769
-0.5650316 ,0.9552865 ,10.601525,23.53658535517752,87.33598382212222 ,21.131999588012697,68.92130885073277 ,0.0,18:04:42 pm,1663677282774
-0.5746084 ,0.92176765 ,10.673351,23.53658535517752,87.33598382212222 ,21.131999588012697,68.92130885073277 ,0.0,18:04:42 pm,1663677282781
-0.48362875 ,0.94810385 ,10.699687,23.53658535517752,87.33598382212222 ,21.131999588012697,68.92130885073277 ,0.0,18:04:42 pm,1663677282784
-0.3184288 ,1.0271125 ,10.529699,23.53658535517752,87.33598382212222 ,21.131999588012697,68.92130885073277 ,0.0,18:04:42 pm,1663677282790
-0.12689269 ,1.067814 ,10.170568,23.53658535517752,87.33598382212222 ,21.131999588012697,68.92130885073277 ,0.0,18:04:42 pm,1663677282796
-0.019153614 ,1.1683705 ,9.97185,23.53658535517752,87.33598382212222 ,21.131999588012697,68.92130885073277 ,0.0,18:04:42 pm,1663677282800
0.06703765 ,1.2330139 ,9.811439,23.53658535517752,87.33598382212222 ,21.131999588012697,68.92130885073277 ,0.0,18:04:42 pm,1663677282804
0.18435353 ,1.3215994 ,9.68694,23.53658535517752,87.33598382212222 ,21.131999588012697,68.92130885073277 ,0.0,18:04:42 pm,1663677282812
0.25857377 ,1.3479356 ,9.730036,23.53658535517752,87.33598382212222 ,21.131999588012697,68.92130885073277 ,0.0,18:04:42 pm,1663677282815
0.2801216 ,1.3718776 ,9.651027,23.53658535517752,87.33598382212222 ,21.131999588012697,68.92130885073277 ,0.0,18:04:42 pm,1663677282820
0.31364042 ,1.4101849 ,9.651027,23.53658535517752,87.33598382212222 ,21.131999588012697,68.92130885073277 ,0.0,18:04:42 pm,1663677282824
0.34237084 ,1.42455 ,9.662998,23.53658535517752,87.33598382212222 ,21.131999588012697,68.92130885073277 ,0.0,18:04:42 pm,1663677282830
0.2777274 ,1.4077905 ,9.583989,23.53658535517752,87.33598382212222 ,21.131999588012697,68.92130885073277 ,0.0,18:04:42 pm,1663677282834
0.19632454 ,1.3982137 ,9.655815,23.53658535517752,87.33598382212222 ,21.131999588012697,68.92130885073277 ,0.0,18:04:42 pm,1663677282839
0.1604115 ,1.3718776 ,9.730036,23.53658535517752,87.33598382212222 ,21.131999588012697,68.92130885073277 ,0.0,18:04:42 pm,1663677282845
0.18914193 ,1.3431472 ,9.876082,23.53658535517752,87.33598382212222 ,21.131999588012697,68.92130885073277 ,0.0,18:04:42 pm,1663677282850
0.14844051 ,1.3144168 ,10.010158,23.53658535517752,87.33598382212222 ,21.131999588012697,68.92130885073277 ,0.0,18:04:42 pm,1663677282855
0.1364695 ,1.3024458 ,10.105926,23.53658535517752,87.33598382212222 ,21.131999588012697,68.92130885073277 ,0.0,18:04:42 pm,1663677282862
0.19393034 ,1.328782 ,10.127473,23.53658535517752,87.33598382212222 ,21.131999588012697,68.92130885073277 ,0.0,18:04:42 pm,1663677282865
0.2896984 ,1.364695 ,9.91439,23.53658535517752,87.33598382212222 ,21.131999588012697,68.92130885073277 ,0.0,18:04:42 pm,1663677282872
0.30406362 ,1.4077905 ,9.495404,23.53658535517752,87.33598382212222 ,21.131999588012697,68.92130885073277 ,0.0,18:04:42 pm,1663677282879
0.29448682 ,1.4293385 ,9.069236,23.53658535517752,87.33598382212222 ,21.131999588012697,68.92130885073277 ,0.0,18:04:42 pm,1663677282882
0.35673606 ,1.4532804 ,8.655039,23.53658535517752,87.33598382212222 ,21.131999588012697,68.92130885073277 ,0.0,18:04:42 pm,1663677282886
0.48123455 ,1.4915876 ,8.35337,23.53658535517752,87.33598382212222 ,21.131999588012697,68.92130885073277 ,0.0,18:04:42 pm,1663677282891
0.60094464 ,1.5298948 ,8.080431,23.53658535517752,87.33598382212222 ,21.131999588012697,68.92130885073277 ,0.0,18:04:42 pm,1663677282898
0.7326257 ,1.5921441 ,7.860164,23.536616200581193,87.33592791482806 ,21.779998970031738,68.92130885073277 ,0.0,18:04:42 pm,1663677282902
0.90021986 ,1.6543933 ,7.8170686,23.536616200581193,87.33592791482806 ,21.779998970031738,68.92130885073277 ,0.0,18:04:42 pm,1663677282906
1.1348516 ,1.7477672 ,8.001422,23.536616200581193,87.33592791482806 ,21.779998970031738,68.92130885073277 ,0.0,18:04:42 pm,1663677282913
1.1827357 ,1.769315 ,8.327033,23.536616200581193,87.33592791482806 ,21.779998970031738,68.92130885073277 ,0.0,18:04:42 pm,1663677282915
1.2258313 ,1.757344 ,8.7771435,23.536616200581193,87.33592791482806 ,21.779998970031738,68.92130885073277 ,0.0,18:04:42 pm,1663677282919
1.2090719 ,1.6950948 ,9.248801,23.536616200581193,87.33592791482806 ,21.779998970031738,68.92130885073277 ,0.0,18:04:42 pm,1663677282925
1.1085154 ,1.6448165 ,9.617508,23.536616200581193,87.33592791482806 ,21.779998970031738,68.92130885073277 ,0.0,18:04:42 pm,1663677282931
0.91937345 ,1.5490485 ,9.763555,23.536616200581193,87.33592791482806 ,21.779998970031738,68.92130885073277 ,0.0,18:04:42 pm,1663677282935
0.78290397 ,1.4556746 ,9.615114,23.536616200581193,87.33592791482806 ,21.779998970031738,68.92130885073277 ,0.0,18:04:42 pm,1663677282940
0.7374141 ,1.388637 ,9.301474,23.536616200581193,87.33592791482806 ,21.779998970031738,68.92130885073277 ,0.0,18:04:42 pm,1663677282946
0.7134721 ,1.3096284 ,8.748413,23.536616200581193,87.33592791482806 ,21.779998970031738,68.92130885073277 ,0.0,18:04:42 pm,1663677282950
0.6847417 ,1.271321 ,8.300697,23.536616200581193,87.33592791482806 ,21.779998970031738,68.92130885073277 ,0.0,18:04:42 pm,1663677282955
0.6823475 ,1.2856863 ,7.807492,23.536616200581193,87.33592791482806 ,21.779998970031738,68.92130885073277 ,0.0,18:04:42 pm,1663677282963
0.7661445 ,1.3503298 ,7.5561004,23.536616200581193,87.33592791482806 ,21.779998970031738,68.92130885073277 ,0.0,18:04:42 pm,1663677282966
0.8355764 ,1.3790601 ,7.493851,23.536616200581193,87.33592791482806 ,21.779998970031738,69.1670809434518 ,0.0,18:04:42 pm,1663677282970
0.80684596 ,1.3623008 ,7.855376,23.536616200581193,87.33592791482806 ,21.779998970031738,69.1670809434518 ,0.0,18:04:42 pm,1663677282975
0.7541735 ,1.3263878 ,8.37013,23.536616200581193,87.33592791482806 ,21.779998970031738,69.1670809434518 ,0.0,18:04:42 pm,1663677282982
0.6847417 ,1.2473791 ,9.224859,23.536616200581193,87.33592791482806 ,21.779998970031738,69.1670809434518 ,0.0,18:04:42 pm,1663677282985
0.62249243 ,1.1372458 ,9.854534,23.536616200581193,87.33592791482806 ,21.779998970031738,69.1670809434518 ,0.0,18:04:42 pm,1663677282996
0.49799395 ,1.0103531 ,10.364499,23.536616200581193,87.33592791482806 ,21.779998970031738,69.1670809434518 ,0.0,18:04:42 pm,1663677282998
0.2657564 ,0.81163436 ,10.912771,23.536616200581193,87.33592791482806 ,21.779998970031738,69.1670809434518 ,0.0,18:04:43 pm,1663677283002
0.11731588 ,0.6655881 ,11.252748,23.536616200581193,87.33592791482806 ,21.779998970031738,69.1670809434518 ,0.0,18:04:43 pm,1663677283005
-0.093373865 ,0.51235914 ,11.60709,23.536616200581193,87.33592791482806 ,21.779998970031738,69.1670809434518 ,0.0,18:04:43 pm,1663677283012
-0.20350714 ,0.41180268 ,11.678916,23.536616200581193,87.33592791482806 ,21.779998970031738,69.1670809434518 ,0.0,18:04:43 pm,1663677283015
-0.2705448 ,0.35673606 ,11.638214,23.536616200581193,87.33592791482806 ,21.779998970031738,69.1670809434518 ,0.0,18:04:43 pm,1663677283020
-0.23223756 ,0.37828386 ,11.298238,23.536616200581193,87.33592791482806 ,21.779998970031738,69.1670809434518 ,0.0,18:04:43 pm,1663677283025
-0.12689269 ,0.44532153 ,10.848128,23.536616200581193,87.33592791482806 ,21.779998970031738,69.1670809434518 ,0.0,18:04:43 pm,1663677283032
0.011971008 ,0.5722142 ,10.189722,23.536616200581193,87.33592791482806 ,21.779998970031738,69.1670809434518 ,0.0,18:04:43 pm,1663677283035
0.16998832 ,0.7469909 ,9.627085,23.536616200581193,87.33592791482806 ,21.779998970031738,69.1670809434518 ,0.0,18:04:43 pm,1663677283041
0.33279404 ,0.91219085 ,9.179369,23.536616200581193,87.33592791482806 ,21.779998970031738,69.1670809434518 ,0.0,18:04:43 pm,1663677283046
0.49081135 ,1.1085154 ,8.599973,23.536616200581193,87.33592791482806 ,21.779998970031738,69.1670809434518 ,0.0,18:04:43 pm,1663677283051
0.6560113 ,1.292869 ,8.1642275,23.536616200581193,87.33592791482806 ,21.779998970031738,69.1670809434518 ,0.0,18:04:43 pm,1663677283055
0.82121116 ,1.484405 ,7.7069354,23.536616200581193,87.33592791482806 ,21.779998970031738,69.1670809434518 ,0.0,18:04:43 pm,1663677283063
0.9624691 ,1.6160861 ,7.477092,23.536616200581193,87.33592791482806 ,21.779998970031738,69.1670809434518 ,0.0,18:04:43 pm,1663677283065
1.1372458 ,1.7477672 ,7.3071036,23.536616200581193,87.33592791482806 ,21.779998970031738,69.1670809434518 ,0.0,18:04:43 pm,1663677283070
1.328782 ,1.8602947 ,7.237672,23.536616200581193,87.33592791482806 ,21.779998970031738,69.1670809434518 ,0.0,18:04:43 pm,1663677283080
1.3670892 ,1.8746599 ,7.393295,23.536616200581193,87.33592791482806 ,21.779998970031738,69.1670809434518 ,0.0,18:04:43 pm,1663677283082
1.2785037 ,1.7884687 ,7.9367785,23.536616200581193,87.33592791482806 ,21.779998970031738,69.1670809434518 ,0.0,18:04:43 pm,1663677283086
1.1444284 ,1.6496049 ,8.595184,23.536616200581193,87.33592791482806 ,21.779998970031738,69.1670809434518 ,0.0,18:04:43 pm,1663677283092
0.9888053 ,1.4939818 ,9.375694,23.536616200581193,87.33592791482806 ,21.779998970031738,69.1670809434518 ,0.0,18:04:43 pm,1663677283099
0.7398083 ,1.292869 ,10.46745,23.536616200581193,87.33592791482806 ,21.779998970031738,69.1670809434518 ,0.0,18:04:43 pm,1663677283102
0.4405331 ,1.1061212 ,11.370064,23.536616200581193,87.33592791482806 ,21.779998970031738,69.1670809434518 ,0.0,18:04:43 pm,1663677283106
0.110133275 ,0.8810662 ,12.203246,23.536616200581193,87.33592791482806 ,21.779998970031738,69.1670809434518 ,0.0,18:04:43 pm,1663677283113
-0.18674773 ,0.6991069 ,12.650962,23.536616200581193,87.33592791482806 ,21.779998970031738,69.1670809434518 ,0.0,18:04:43 pm,1663677283116
-0.4405331 ,0.5482722 ,12.983756,23.536616200581193,87.33592791482806 ,21.779998970031738,69.1670809434518 ,0.0,18:04:43 pm,1663677283121
-0.6775591 ,0.4237737 ,12.885593,23.536616200581193,87.33592791482806 ,21.779998970031738,69.1670809434518 ,0.0,18:04:43 pm,1663677283128
-0.80445176 ,0.4237737 ,12.600683,23.536616200581193,87.33592791482806 ,21.779998970031738,69.1670809434518 ,0.0,18:04:43 pm,1663677283131
-0.8283938 ,0.50278234 ,11.954249,23.536616200581193,87.33592791482806 ,21.779998970031738,69.1670809434518 ,0.0,18:04:43 pm,1663677283136
-0.6847417 ,0.62967503 ,11.293449,23.536616200581193,87.33592791482806 ,21.779998970031738,69.1670809434518 ,0.0,18:04:43 pm,1663677283141
-0.47165772 ,0.81881696 ,10.405201,23.536616200581193,87.33592791482806 ,21.779998970031738,69.1670809434518 ,0.0,18:04:43 pm,1663677283147
-0.1436521 ,1.115698 ,9.531317,23.536616200581193,87.33592791482806 ,21.779998970031738,69.1670809434518 ,0.0,18:04:43 pm,1663677283152
0.17956513 ,1.3670892 ,8.870518,23.536616200581193,87.33592791482806 ,21.779998970031738,69.1670809434518 ,0.0,18:04:43 pm,1663677283156
0.62728083 ,1.6879122 ,8.169016,23.536616200581193,87.33592791482806 ,21.779998970031738,69.1670809434518 ,0.0,18:04:43 pm,1663677283163
0.92176765 ,1.9512744 ,7.788338,23.536616200581193,87.33592791482806 ,21.779998970031738,69.1670809434518 ,0.0,18:04:43 pm,1663677283166
1.2234371 ,2.1547816 ,7.5920134,23.536616200581193,87.33592791482806 ,21.779998970031738,69.1670809434518 ,0.0,18:04:43 pm,1663677283171
1.4915876 ,2.3678656 ,7.843405,23.536616200581193,87.33592791482806 ,21.779998970031738,69.1670809434518 ,0.0,18:04:43 pm,1663677283179
1.6136919 ,2.468422 ,8.087613,23.536616200581193,87.33592791482806 ,21.779998970031738,69.1670809434518 ,0.0,18:04:43 pm,1663677283182
1.5777789 ,2.4947581 ,8.307879,23.536616200581193,87.33592791482806 ,21.779998970031738,69.1670809434518 ,0.0,18:04:43 pm,1663677283186
1.4820108 ,2.4396915 ,8.480263,23.536616200581193,87.33592791482806 ,21.779998970031738,69.1670809434518 ,0.0,18:04:43 pm,1663677283191
1.3192052 ,2.2984335 ,8.774749,23.536616200581193,87.33592791482806 ,21.779998970031738,69.1670809434518 ,0.0,18:04:43 pm,1663677283198
0.9720459 ,2.030283 ,9.382876,23.536616200581193,87.33592791482806 ,21.779998970031738,69.1670809434518 ,0.0,18:04:43 pm,1663677283202
0.6919243 ,1.8243817 ,9.976639,23.536616200581193,87.33592791482806 ,21.779998970031738,69.1670809434518 ,0.0,18:04:43 pm,1663677283207
0.38307226 ,1.6017209 ,10.754754,23.536616200581193,87.33592791482806 ,21.779998970031738,69.1670809434518 ,0.0,18:04:43 pm,1663677283214
0.11731588 ,1.4437037 ,11.279084,23.536616200581193,87.33592791482806 ,21.779998970031738,69.1670809434518 ,0.0,18:04:43 pm,1663677283217
-0.08379706 ,1.2904748 ,11.549629,23.536616200581193,87.33592791482806 ,21.779998970031738,69.1670809434518 ,0.0,18:04:43 pm,1663677283221
-0.33279404 ,1.0821792 ,11.535264,23.536616200581193,87.33592791482806 ,21.779998970031738,69.1670809434518 ,0.0,18:04:43 pm,1663677283229
-0.44532153 ,0.9576807 ,11.180922,23.536616200581193,87.33592791482806 ,21.779998970031738,69.1670809434518 ,0.0,18:04:43 pm,1663677283232
-0.5722142 ,0.8738836 ,10.500969,23.536616200581193,87.33592791482806 ,21.779998970031738,69.1670809434518 ,0.0,18:04:43 pm,1663677283237
-0.56982 ,0.8738836 ,9.85214,23.536616200581193,87.33592791482806 ,21.779998970031738,69.1670809434518 ,0.0,18:04:43 pm,1663677283242
-0.50996494 ,0.91458505 ,9.200917,23.536616200581193,87.33592791482806 ,21.779998970031738,69.1670809434518 ,0.0,18:04:43 pm,1663677283248
-0.33997664 ,0.9935937 ,8.556877,23.536616200581193,87.33592791482806 ,21.779998970031738,69.1670809434518 ,0.0,18:04:43 pm,1663677283252
-0.1364695 ,1.0582372 ,8.236053,23.536616200581193,87.33592791482806 ,21.779998970031738,69.1670809434518 ,0.0,18:04:43 pm,1663677283257
0.08619126 ,1.2066777 ,8.185776,23.536616200581193,87.33592791482806 ,21.779998970031738,69.1670809434518 ,0.0,18:04:43 pm,1663677283263
