x,y,z,latitude,longitude,speed,sound,light,time,timestamp
0.08140286 ,-1.115698 ,9.198523,23.51765675470233,87.34623321332037 ,8.531999588012695,60.56546762798226 ,0.0,18:44:10 pm,1663161250405
0.22505496 ,-1.0654198 ,9.272743,23.51765675470233,87.34623321332037 ,8.531999588012695,60.56546762798226 ,0.0,18:44:10 pm,1663161250408
0.31124622 ,-1.0845734 ,9.325416,23.51765675470233,87.34623321332037 ,8.531999588012695,60.56546762798226 ,0.0,18:44:10 pm,1663161250412
0.35913026 ,-1.0462662 ,9.485827,23.51765675470233,87.34623321332037 ,8.531999588012695,60.56546762798226 ,0.0,18:44:10 pm,1663161250417
0.33279404 ,-1.0127473 ,9.648633,23.51765675470233,87.34623321332037 ,8.531999588012695,60.56546762798226 ,0.0,18:44:10 pm,1663161250423
0.30166942 ,-1.0462662 ,9.864111,23.51765675470233,87.34623321332037 ,8.531999588012695,60.56546762798226 ,0.0,18:44:10 pm,1663161250427
0.2896984 ,-1.0893618 ,10.144233,23.51765675470233,87.34623321332037 ,8.531999588012695,60.56546762798226 ,0.0,18:44:10 pm,1663161250432
0.2681506 ,-1.115698 ,10.292673,23.51765675470233,87.34623321332037 ,8.531999588012695,60.56546762798226 ,0.0,18:44:10 pm,1663161250439
0.260968 ,-1.1133038 ,10.496181,23.51765675470233,87.34623321332037 ,8.531999588012695,60.56546762798226 ,0.0,18:44:10 pm,1663161250442
0.23463176 ,-1.1109096 ,10.603919,23.51765675470233,87.34623321332037 ,8.531999588012695,60.56546762798226 ,0.0,18:44:10 pm,1663161250447
0.22026655 ,-1.0989386 ,10.658986,23.51765675470233,87.34623321332037 ,8.531999588012695,60.56546762798226 ,0.0,18:44:10 pm,1663161250455
0.18914193 ,-1.1061212 ,10.697293,23.51765675470233,87.34623321332037 ,8.531999588012695,60.56546762798226 ,0.0,18:44:10 pm,1663161250458
0.21068975 ,-1.0630256 ,10.69011,23.51765675470233,87.34623321332037 ,8.531999588012695,60.56546762798226 ,0.0,18:44:10 pm,1663161250462
0.24899697 ,-1.0175357 ,10.637438,23.51765675470233,87.34623321332037 ,8.531999588012695,60.56546762798226 ,0.0,18:44:10 pm,1663161250467
0.30885202 ,-0.9552865 ,10.54167,23.51765675470233,87.34623321332037 ,8.531999588012695,60.56546762798226 ,0.0,18:44:10 pm,1663161250473
0.36391866 ,-0.92416185 ,10.443508,23.51765675470233,87.34623321332037 ,8.531999588012695,60.56546762798226 ,0.0,18:44:10 pm,1663161250477
0.46926352 ,-0.8451532 ,10.323798,23.51765675470233,87.34623321332037 ,8.531999588012695,60.56546762798226 ,0.0,18:44:10 pm,1663161250482
0.5793968 ,-0.80205756 ,10.240001,23.51765675470233,87.34623321332037 ,8.531999588012695,60.56546762798226 ,0.0,18:44:10 pm,1663161250489
0.6823475 ,-0.7422025 ,10.113108,23.51765675470233,87.34623321332037 ,8.531999588012695,60.56546762798226 ,0.0,18:44:10 pm,1663161250493
0.7350199 ,-0.7015011 ,10.079589,23.51765675470233,87.34623321332037 ,8.531999588012695,60.56546762798226 ,0.0,18:44:10 pm,1663161250497
0.7469909 ,-0.6584055 ,10.108319,23.51765675470233,87.34623321332037 ,8.531999588012695,60.56546762798226 ,0.0,18:44:10 pm,1663161250505
0.7637503 ,-0.6392518 ,10.15381,23.51765675470233,87.34623321332037 ,8.531999588012695,60.56546762798226 ,0.0,18:44:10 pm,1663161250508
0.7158663 ,-0.5746084 ,10.235212,23.51765675470233,87.34623321332037 ,8.531999588012695,60.56546762798226 ,0.0,18:44:10 pm,1663161250512
0.6679823 ,-0.521936 ,10.326192,23.51765675470233,87.34623321332037 ,8.531999588012695,60.56546762798226 ,0.0,18:44:10 pm,1663161250518
0.61052144 ,-0.49320555 ,10.350134,23.51765675470233,87.34623321332037 ,8.531999588012695,60.56546762798226 ,0.0,18:44:10 pm,1663161250523
0.56982 ,-0.45250413 ,10.333375,23.51765675470233,87.34623321332037 ,8.531999588012695,60.56546762798226 ,0.0,18:44:10 pm,1663161250528
0.533907 ,-0.4357447 ,10.280702,23.51765675470233,87.34623321332037 ,8.531999588012695,60.56546762798226 ,0.0,18:44:10 pm,1663161250532
0.49081135 ,-0.4189853 ,10.225636,23.51765675470233,87.34623321332037 ,8.531999588012695,60.56546762798226 ,0.0,18:44:10 pm,1663161250539
0.40701428 ,-0.4261679 ,10.206482,23.51765675470233,87.34623321332037 ,8.531999588012695,60.56546762798226 ,0.0,18:44:10 pm,1663161250543
0.39504328 ,-0.4165911 ,10.189722,23.51765675470233,87.34623321332037 ,8.531999588012695,60.56546762798226 ,0.0,18:44:10 pm,1663161250548
0.33518824 ,-0.38307226 ,10.220847,23.51765675470233,87.34623321332037 ,8.531999588012695,60.56546762798226 ,0.0,18:44:10 pm,1663161250555
0.2633622 ,-0.33279404 ,10.25676,23.51765675470233,87.34623321332037 ,8.531999588012695,60.56546762798226 ,0.0,18:44:10 pm,1663161250558
0.19632454 ,-0.30885202 ,10.2735195,23.51765675470233,87.34623321332037 ,8.531999588012695,60.56546762798226 ,0.0,18:44:10 pm,1663161250562
0.16519992 ,-0.2753332 ,10.323798,23.51765675470233,87.34623321332037 ,8.531999588012695,60.56546762798226 ,0.0,18:44:10 pm,1663161250567
0.10534488 ,-0.272939 ,10.354922,23.51765675470233,87.34623321332037 ,8.531999588012695,60.56546762798226 ,0.0,18:44:10 pm,1663161250574
0.107739076 ,-0.2753332 ,10.316615,23.51765675470233,87.34623321332037 ,8.531999588012695,60.56546762798226 ,0.0,18:44:10 pm,1663161250578
0.09816227 ,-0.2657564 ,10.230424,23.51765675470233,87.34623321332037 ,8.531999588012695,60.56546762798226 ,0.0,18:44:10 pm,1663161250583
0.11492168 ,-0.25857377 ,10.031705,23.51765675470233,87.34623321332037 ,8.531999588012695,60.56546762798226 ,0.0,18:44:10 pm,1663161250589
0.1412579 ,-0.21308395 ,9.830592,23.51765675470233,87.34623321332037 ,8.531999588012695,60.56546762798226 ,0.0,18:44:10 pm,1663161250593
0.1604115 ,-0.1604115 ,9.694122,23.51765675470233,87.34623321332037 ,8.531999588012695,60.56546762798226 ,0.0,18:44:10 pm,1663161250598
0.16280572 ,-0.14604631 ,9.552865,23.51765675470233,87.34623321332037 ,8.531999588012695,60.56546762798226 ,0.0,18:44:10 pm,1663161250606
0.19393034 ,-0.1364695 ,9.478644,23.51765675470233,87.34623321332037 ,8.531999588012695,60.56546762798226 ,0.0,18:44:10 pm,1663161250609
0.20350714 ,-0.15083471 ,9.404425,23.51765675470233,87.34623321332037 ,8.531999588012695,60.56546762798226 ,0.0,18:44:10 pm,1663161250613
0.15801731 ,-0.17956513 ,9.425972,23.51765675470233,87.34623321332037 ,8.531999588012695,60.56546762798226 ,0.0,18:44:10 pm,1663161250618
0.11492168 ,-0.17717093 ,9.481039,23.51765675470233,87.34623321332037 ,8.531999588012695,60.56546762798226 ,0.0,18:44:10 pm,1663161250624
0.038307227 ,-0.15801731 ,9.651027,23.51765675470233,87.34623321332037 ,8.531999588012695,60.56546762798226 ,0.0,18:44:10 pm,1663161250628
0.011971008 ,-0.16280572 ,9.7803135,23.51765675470233,87.34623321332037 ,8.531999588012695,60.56546762798226 ,0.0,18:44:10 pm,1663161250633
0.04309563 ,-0.16519992 ,9.849746,23.51765675470233,87.34623321332037 ,8.531999588012695,60.56546762798226 ,0.0,18:44:10 pm,1663161250639
0.11971009 ,-0.20350714 ,9.85214,23.51765675470233,87.34623321332037 ,8.531999588012695,60.56546762798226 ,0.0,18:44:10 pm,1663161250643
0.14844051 ,-0.17477672 ,9.8042555,23.51765675470233,87.34623321332037 ,8.531999588012695,60.56546762798226 ,0.0,18:44:10 pm,1663161250648
0.074220255 ,-0.17238252 ,9.773131,23.51765675470233,87.34623321332037 ,8.531999588012695,60.56546762798226 ,0.0,18:44:10 pm,1663161250655
0.023942016 ,-0.19153613 ,9.775525,23.51765675470233,87.34623321332037 ,8.531999588012695,60.56546762798226 ,0.0,18:44:10 pm,1663161250659
-0.047884032 ,-0.24899697 ,9.849746,23.51765675470233,87.34623321332037 ,8.531999588012695,60.56546762798226 ,0.0,18:44:10 pm,1663161250663
-0.1388637 ,-0.32800564 ,9.9550905,23.51765675470233,87.34623321332037 ,8.531999588012695,62.448814444812406 ,0.0,18:44:10 pm,1663161250668
-0.22984336 ,-0.34955344 ,10.0029745,23.51765675470233,87.34623321332037 ,8.531999588012695,62.448814444812406 ,0.0,18:44:10 pm,1663161250675
-0.31603462 ,-0.33039984 ,9.993398,23.51765675470233,87.34623321332037 ,8.531999588012695,62.448814444812406 ,0.0,18:44:10 pm,1663161250679
-0.272939 ,-0.32800564 ,9.91439,23.51765675470233,87.34623321332037 ,8.531999588012695,62.448814444812406 ,0.0,18:44:10 pm,1663161250683
-0.22026655 ,-0.33997664 ,9.809045,23.51765675470233,87.34623321332037 ,8.531999588012695,62.448814444812406 ,0.0,18:44:10 pm,1663161250689
-0.12689269 ,-0.31364042 ,9.648633,23.51765675470233,87.34623321332037 ,8.531999588012695,62.448814444812406 ,0.0,18:44:10 pm,1663161250693
-0.06703765 ,-0.2633622 ,9.555259,23.51765675470233,87.34623321332037 ,8.531999588012695,62.448814444812406 ,0.0,18:44:10 pm,1663161250698
-0.05267244 ,-0.19871874 ,9.540894,23.51765675470233,87.34623321332037 ,8.531999588012695,62.448814444812406 ,0.0,18:44:10 pm,1663161250706
-0.02873042 ,-0.17717093 ,9.52174,23.51765675470233,87.34623321332037 ,8.531999588012695,62.448814444812406 ,0.0,18:44:10 pm,1663161250709
-0.0023942017 ,-0.18914193 ,9.504981,23.51765675470233,87.34623321332037 ,8.531999588012695,62.448814444812406 ,0.0,18:44:10 pm,1663161250714
0.04309563 ,-0.19153613 ,9.40203,23.51765675470233,87.34623321332037 ,8.531999588012695,62.448814444812406 ,0.0,18:44:10 pm,1663161250719
0.15083471 ,-0.20350714 ,9.294291,23.51765675470233,87.34623321332037 ,8.531999588012695,62.448814444812406 ,0.0,18:44:10 pm,1663161250725
0.20350714 ,-0.21787235 ,9.093178,23.51765675470233,87.34623321332037 ,8.531999588012695,62.448814444812406 ,0.0,18:44:10 pm,1663161250729
0.20829555 ,-0.22744916 ,8.99741,23.51765675470233,87.34623321332037 ,8.531999588012695,62.448814444812406 ,0.0,18:44:10 pm,1663161250734
0.16998832 ,-0.2705448 ,8.978256,23.51765675470233,87.34623321332037 ,8.531999588012695,62.448814444812406 ,0.0,18:44:10 pm,1663161250740
0.11971009 ,-0.38307226 ,9.050082,23.51765675470233,87.34623321332037 ,8.531999588012695,62.448814444812406 ,0.0,18:44:10 pm,1663161250745
0.05267244 ,-0.45250413 ,9.193734,23.51765675470233,87.34623321332037 ,8.531999588012695,62.448814444812406 ,0.0,18:44:10 pm,1663161250749
-0.007182605 ,-0.58897364 ,9.344569,23.51765675470233,87.34623321332037 ,8.531999588012695,62.448814444812406 ,0.0,18:44:10 pm,1663161250755
-0.055066638 ,-0.6703765 ,9.469068,23.51765675470233,87.34623321332037 ,8.531999588012695,62.448814444812406 ,0.0,18:44:10 pm,1663161250759
-0.17477672 ,-0.7398083 ,9.639056,23.51765675470233,87.34623321332037 ,8.531999588012695,62.448814444812406 ,0.0,18:44:10 pm,1663161250764
-0.30166942 ,-0.78529817 ,9.890448,23.51765675470233,87.34623321332037 ,8.531999588012695,62.448814444812406 ,0.0,18:44:10 pm,1663161250773
-0.40462008 ,-0.79726917 ,10.151415,23.51765675470233,87.34623321332037 ,8.531999588012695,62.448814444812406 ,0.0,18:44:10 pm,1663161250776
-0.5315128 ,-0.82360536 ,10.469844,23.51765675470233,87.34623321332037 ,8.531999588012695,62.448814444812406 ,0.0,18:44:10 pm,1663161250779
-0.59855044 ,-0.81163436 ,10.670957,23.51765675470233,87.34623321332037 ,8.531999588012695,62.448814444812406 ,0.0,18:44:10 pm,1663161250783
-0.6584055 ,-0.7661445 ,10.8624935,23.51765675470233,87.34623321332037 ,8.531999588012695,62.448814444812406 ,0.0,18:44:10 pm,1663161250790
-0.7326257 ,-0.6943185 ,10.977415,23.51765675470233,87.34623321332037 ,8.531999588012695,62.448814444812406 ,0.0,18:44:10 pm,1663161250794
-0.79726917 ,-0.6631939 ,11.03727,23.51765675470233,87.34623321332037 ,8.531999588012695,62.448814444812406 ,0.0,18:44:10 pm,1663161250799
-0.79726917 ,-0.61530983 ,11.070788,23.51765675470233,87.34623321332037 ,8.531999588012695,62.448814444812406 ,0.0,18:44:10 pm,1663161250806
-0.7493851 ,-0.5482722 ,11.027693,23.51765675470233,87.34623321332037 ,8.531999588012695,62.448814444812406 ,0.0,18:44:10 pm,1663161250810
-0.7134721 ,-0.46926352 ,10.912771,23.51765675470233,87.34623321332037 ,8.531999588012695,62.448814444812406 ,0.0,18:44:10 pm,1663161250814
-0.6392518 ,-0.35673606 ,10.754754,23.51765675470233,87.34623321332037 ,8.531999588012695,62.448814444812406 ,0.0,18:44:10 pm,1663161250822
-0.5602432 ,-0.2633622 ,10.517728,23.51765675470233,87.34623321332037 ,8.531999588012695,62.448814444812406 ,0.0,18:44:10 pm,1663161250825
-0.4357447 ,-0.15083471 ,10.149021,23.51765675470233,87.34623321332037 ,8.531999588012695,62.448814444812406 ,0.0,18:44:10 pm,1663161250830
-0.33518824 ,-0.11731588 ,9.80665,23.51765675470233,87.34623321332037 ,8.531999588012695,62.448814444812406 ,0.0,18:44:10 pm,1663161250834
-0.23223756 ,-0.050278235 ,9.3421755,23.51765675470233,87.34623321332037 ,8.531999588012695,62.448814444812406 ,0.0,18:44:10 pm,1663161250840
-0.07182605 ,0.062249243 ,9.052477,23.51765675470233,87.34623321332037 ,8.531999588012695,62.448814444812406 ,0.0,18:44:10 pm,1663161250844
0.045489833 ,0.15801731 ,8.7771435,23.51765675470233,87.34623321332037 ,8.531999588012695,62.448814444812406 ,0.0,18:44:10 pm,1663161250850
0.12689269 ,0.25378537 ,8.520964,23.51765675470233,87.34623321332037 ,8.531999588012695,62.448814444812406 ,0.0,18:44:10 pm,1663161250855
0.14844051 ,0.31124622 ,8.3821,23.51765675470233,87.34623321332037 ,8.531999588012695,62.448814444812406 ,0.0,18:44:10 pm,1663161250859
0.16998832 ,0.33997664 ,8.276755,23.51765675470233,87.34623321332037 ,8.531999588012695,62.448814444812406 ,0.0,18:44:10 pm,1663161250865
0.18674773 ,0.33518824 ,8.238448,23.51765675470233,87.34623321332037 ,8.531999588012695,62.448814444812406 ,0.0,18:44:10 pm,1663161250873
0.24420857 ,0.30885202 ,8.259995,23.51765675470233,87.34623321332037 ,8.531999588012695,62.448814444812406 ,0.0,18:44:10 pm,1663161250875
0.25139117 ,0.2801216 ,8.300697,23.51765675470233,87.34623321332037 ,8.531999588012695,62.448814444812406 ,0.0,18:44:10 pm,1663161250879
0.22026655 ,0.24899697 ,8.444349,23.51765675470233,87.34623321332037 ,8.531999588012695,62.448814444812406 ,0.0,18:44:10 pm,1663161250885
0.088585466 ,0.16998832 ,8.674192,23.51765675470233,87.34623321332037 ,8.531999588012695,62.448814444812406 ,0.0,18:44:10 pm,1663161250891
-0.031124622 ,0.10055647 ,8.889671,23.51765675470233,87.34623321332037 ,8.531999588012695,62.448814444812406 ,0.0,18:44:10 pm,1663161250894
-0.15322891 ,0.04309563 ,9.093178,23.51765675470233,87.34623321332037 ,8.531999588012695,62.448814444812406 ,0.0,18:44:10 pm,1663161250900
