x,y,z,latitude,longitude,speed,sound,light,time,timestamp
-0.51235914 ,2.066196 ,9.246407,23.518231250345707,87.34511221759021 ,22.140000343322754,63.39583814884978 ,0.0,18:44:48 pm,1663161288116
-0.7230489 ,1.8004397 ,9.902418,23.518231250345707,87.34511221759021 ,22.140000343322754,63.39583814884978 ,0.0,18:44:48 pm,1663161288122
-0.79726917 ,1.5777789 ,10.512939,23.518231250345707,87.34511221759021 ,22.140000343322754,63.39583814884978 ,0.0,18:44:48 pm,1663161288129
-0.7565677 ,1.3694834 ,11.195287,23.518231250345707,87.34511221759021 ,22.140000343322754,63.39583814884978 ,0.0,18:44:48 pm,1663161288132
-0.5626374 ,1.1540052 ,11.743559,23.518231250345707,87.34511221759021 ,22.140000343322754,63.39583814884978 ,0.0,18:44:48 pm,1663161288136
-0.50517654 ,1.067814 ,12.220005,23.518231250345707,87.34511221759021 ,22.140000343322754,63.39583814884978 ,0.0,18:44:48 pm,1663161288142
-0.545878 ,1.0534488 ,12.378023,23.518231250345707,87.34511221759021 ,22.140000343322754,63.39583814884978 ,0.0,18:44:48 pm,1663161288147
-0.5722142 ,1.1372458 ,12.306197,23.518231250345707,87.34511221759021 ,22.140000343322754,63.39583814884978 ,0.0,18:44:48 pm,1663161288152
-0.47165772 ,1.3239936 ,12.083536,23.518231250345707,87.34511221759021 ,22.140000343322754,63.39583814884978 ,0.0,18:44:48 pm,1663161288156
-0.37349546 ,1.5131354 ,11.748347,23.518231250345707,87.34511221759021 ,22.140000343322754,63.39583814884978 ,0.0,18:44:48 pm,1663161288163
-0.24660277 ,1.7788919 ,11.18571,23.518231250345707,87.34511221759021 ,22.140000343322754,63.39583814884978 ,0.0,18:44:48 pm,1663161288167
-0.095768064 ,2.1188686 ,10.261548,23.518231250345707,87.34511221759021 ,22.140000343322754,63.39583814884978 ,0.0,18:44:48 pm,1663161288172
0.04309563 ,2.372654 ,9.440337,23.518231250345707,87.34511221759021 ,22.140000343322754,63.39583814884978 ,0.0,18:44:48 pm,1663161288180
0.2705448 ,2.6431987 ,8.643068,23.518231250345707,87.34511221759021 ,22.140000343322754,63.39583814884978 ,0.0,18:44:48 pm,1663161288183
0.46686932 ,2.813187 ,8.137892,23.518231250345707,87.34511221759021 ,22.140000343322754,63.39583814884978 ,0.0,18:44:48 pm,1663161288187
0.6655881 ,2.9352913 ,7.5465236,23.518231250345707,87.34511221759021 ,22.140000343322754,63.39583814884978 ,0.0,18:44:48 pm,1663161288192
0.8834604 ,3.083732 ,6.8210807,23.518231250345707,87.34511221759021 ,22.140000343322754,63.39583814884978 ,0.0,18:44:48 pm,1663161288198
1.0534488 ,3.1364043 ,6.3805475,23.518231250345707,87.34511221759021 ,22.140000343322754,63.39583814884978 ,0.0,18:44:48 pm,1663161288202
1.0845734 ,3.1771057 ,6.2967505,23.518231250345707,87.34511221759021 ,22.140000343322754,63.39583814884978 ,0.0,18:44:48 pm,1663161288207
1.13964 ,3.2034419 ,6.3685765,23.518231250345707,87.34511221759021 ,22.140000343322754,63.39583814884978 ,0.0,18:44:48 pm,1663161288213
1.1372458 ,3.217807 ,6.5601125,23.518231250345707,87.34511221759021 ,22.140000343322754,63.39583814884978 ,0.0,18:44:48 pm,1663161288217
1.1061212 ,3.1890767 ,7.0724716,23.518231250345707,87.34511221759021 ,22.140000343322754,63.39583814884978 ,0.0,18:44:48 pm,1663161288222
0.90021986 ,3.074155 ,7.455544,23.518231250345707,87.34511221759021 ,22.140000343322754,63.39583814884978 ,0.0,18:44:48 pm,1663161288230
0.5674258 ,2.9017725 ,7.716512,23.518231250345707,87.34511221759021 ,22.140000343322754,63.39583814884978 ,0.0,18:44:48 pm,1663161288233
0.44532153 ,2.7246015 ,7.773973,23.518231250345707,87.34511221759021 ,22.140000343322754,63.39583814884978 ,0.0,18:44:48 pm,1663161288237
0.30406362 ,2.516306 ,7.9463553,23.518231250345707,87.34511221759021 ,22.140000343322754,63.39583814884978 ,0.0,18:44:48 pm,1663161288242
0.23942018 ,2.2361844 ,8.437167,23.518231250345707,87.34511221759021 ,22.140000343322754,63.39583814884978 ,0.0,18:44:48 pm,1663161288249
0.23942018 ,1.910573 ,8.987833,23.518231250345707,87.34511221759021 ,22.140000343322754,63.39583814884978 ,0.0,18:44:48 pm,1663161288253
0.1316811 ,1.448492 ,9.622296,23.518231250345707,87.34511221759021 ,22.140000343322754,63.39583814884978 ,0.0,18:44:48 pm,1663161288258
-0.031124622 ,1.1133038 ,10.060435,23.518231250345707,87.34511221759021 ,22.140000343322754,63.39583814884978 ,0.0,18:44:48 pm,1663161288264
-0.2777274 ,0.8690952 ,10.656591,23.518231250345707,87.34511221759021 ,22.140000343322754,63.39583814884978 ,0.0,18:44:48 pm,1663161288268
-0.6488287 ,0.6775591 ,11.451467,23.518231250345707,87.34511221759021 ,22.140000343322754,63.39583814884978 ,0.0,18:44:48 pm,1663161288273
-0.9600749 ,0.5793968 ,11.987768,23.518231250345707,87.34511221759021 ,22.140000343322754,63.39583814884978 ,0.0,18:44:48 pm,1663161288279
-1.3383588 ,0.46926352 ,12.263102,23.518231250345707,87.34511221759021 ,22.140000343322754,63.39583814884978 ,0.0,18:44:48 pm,1663161288283
-1.5921441 ,0.38067806 ,12.289437,23.518231250345707,87.34511221759021 ,22.140000343322754,63.39583814884978 ,0.0,18:44:48 pm,1663161288287
-1.7142484 ,0.33039984 ,12.160151,23.518231250345707,87.34511221759021 ,22.140000343322754,63.39583814884978 ,0.0,18:44:48 pm,1663161288292
-1.6831238 ,0.31603462 ,11.99495,23.518231250345707,87.34511221759021 ,22.140000343322754,63.39583814884978 ,0.0,18:44:48 pm,1663161288299
-1.5993267 ,0.37110126 ,11.748347,23.518231250345707,87.34511221759021 ,22.140000343322754,63.39583814884978 ,0.0,18:44:48 pm,1663161288302
-1.4867992 ,0.5770026 ,11.410766,23.518231250345707,87.34511221759021 ,22.140000343322754,63.39583814884978 ,0.0,18:44:48 pm,1663161288307
-1.3455414 ,0.81881696 ,11.183316,23.518231250345707,87.34511221759021 ,22.140000343322754,63.39583814884978 ,0.0,18:44:48 pm,1663161288314
-1.1540052 ,1.1348516 ,10.857705,23.518231250345707,87.34511221759021 ,22.140000343322754,63.39583814884978 ,0.0,18:44:48 pm,1663161288318
-0.90979666 ,1.553837 ,10.156203,23.518231250345707,87.34511221759021 ,22.140000343322754,63.39583814884978 ,0.0,18:44:48 pm,1663161288323
-0.60812724 ,1.8124107 ,9.500193,23.518231250345707,87.34511221759021 ,22.140000343322754,63.39583814884978 ,0.0,18:44:48 pm,1663161288330
-0.33518824 ,2.0973208 ,8.616732,23.518231250345707,87.34511221759021 ,22.140000343322754,63.39583814884978 ,0.0,18:44:48 pm,1663161288333
-0.05267244 ,2.2529438 ,8.027759,23.518231250345707,87.34511221759021 ,22.140000343322754,63.39583814884978 ,0.0,18:44:48 pm,1663161288338
0.34955344 ,2.4157495 ,7.465121,23.518231250345707,87.34511221759021 ,22.140000343322754,63.39583814884978 ,0.0,18:44:48 pm,1663161288347
0.5770026 ,2.5354595 ,7.067683,23.518231250345707,87.34511221759021 ,22.140000343322754,63.39583814884978 ,0.0,18:44:48 pm,1663161288349
0.5315128 ,2.585738 ,6.873753,23.518231250345707,87.34511221759021 ,22.140000343322754,63.39583814884978 ,0.0,18:44:48 pm,1663161288353
0.4381389 ,2.6431987 ,6.861782,23.518231250345707,87.34511221759021 ,22.140000343322754,63.39583814884978 ,0.0,18:44:48 pm,1663161288358
0.39025488 ,2.6623523 ,6.95755,23.518231250345707,87.34511221759021 ,22.140000343322754,63.39583814884978 ,0.0,18:44:48 pm,1663161288364
0.25857377 ,2.6647465 ,7.0820484,23.518231250345707,87.34511221759021 ,22.140000343322754,63.39583814884978 ,0.0,18:44:48 pm,1663161288368
0.038307227 ,2.5809495 ,7.398083,23.518231250345707,87.34511221759021 ,22.140000343322754,63.39583814884978 ,0.0,18:44:48 pm,1663161288373
-0.18914193 ,2.420538 ,7.831434,23.518231250345707,87.34511221759021 ,22.140000343322754,63.39583814884978 ,0.0,18:44:48 pm,1663161288381
-0.36152446 ,2.0853498 ,8.643068,23.518231250345707,87.34511221759021 ,22.140000343322754,63.39583814884978 ,0.0,18:44:48 pm,1663161288384
-0.44532153 ,1.7525556 ,9.3661175,23.518231250345707,87.34511221759021 ,22.140000343322754,63.39583814884978 ,0.0,18:44:48 pm,1663161288389
-0.6584055 ,1.3910311 ,10.414778,23.518231250345707,87.34511221759021 ,22.140000343322754,63.39583814884978 ,0.0,18:44:48 pm,1663161288399
-1.0031705 ,1.1252748 ,11.365275,23.518231250345707,87.34511221759021 ,22.140000343322754,63.39583814884978 ,0.0,18:44:48 pm,1663161288402
-1.3623008 ,1.0151415 ,12.277467,23.518231250345707,87.34511221759021 ,22.140000343322754,63.39583814884978 ,0.0,18:44:48 pm,1663161288404
-1.8267759 ,0.9935937 ,13.268666,23.518231250345707,87.34511221759021 ,22.140000343322754,63.39583814884978 ,0.0,18:44:48 pm,1663161288409
-1.8842367 ,1.1300632 ,13.699622,23.518231250345707,87.34511221759021 ,22.140000343322754,63.39583814884978 ,0.0,18:44:48 pm,1663161288416
-1.8100165 ,1.2904748 ,13.6493435,23.518231250345707,87.34511221759021 ,22.140000343322754,63.39583814884978 ,0.0,18:44:48 pm,1663161288420
-1.5825673 ,1.4772224 ,13.01488,23.518231250345707,87.34511221759021 ,22.140000343322754,63.39583814884978 ,0.0,18:44:48 pm,1663161288424
-1.3718776 ,1.5993267 ,12.069171,23.518231250345707,87.34511221759021 ,22.140000343322754,63.39583814884978 ,0.0,18:44:48 pm,1663161288430
-0.9840169 ,1.8171991 ,10.848128,23.518231250345707,87.34511221759021 ,22.140000343322754,63.39583814884978 ,0.0,18:44:48 pm,1663161288433
-0.62728083 ,2.0494366 ,10.160992,23.518231250345707,87.34511221759021 ,22.140000343322754,63.39583814884978 ,0.0,18:44:48 pm,1663161288438
-0.2633622 ,2.2649148 ,9.634268,23.518231250345707,87.34511221759021 ,22.140000343322754,63.39583814884978 ,0.0,18:44:48 pm,1663161288446
0.047884032 ,2.4037786 ,9.524135,23.518231250345707,87.34511221759021 ,22.140000343322754,63.39583814884978 ,0.0,18:44:48 pm,1663161288449
0.37349546 ,2.504335 ,9.351752,23.518231250345707,87.34511221759021 ,22.140000343322754,63.39583814884978 ,0.0,18:44:48 pm,1663161288453
0.5722142 ,2.5929205 ,9.308656,23.518231250345707,87.34511221759021 ,22.140000343322754,63.39583814884978 ,0.0,18:44:48 pm,1663161288458
0.61052144 ,2.693477 ,9.445126,23.518231250345707,87.34511221759021 ,22.140000343322754,63.39583814884978 ,0.0,18:44:48 pm,1663161288464
0.46208093 ,2.7964275 ,9.473856,23.518231250345707,87.34511221759021 ,22.140000343322754,63.39583814884978 ,0.0,18:44:48 pm,1663161288469
0.24420857 ,2.9472623 ,9.3421755,23.518231250345707,87.34511221759021 ,22.140000343322754,63.39583814884978 ,0.0,18:44:48 pm,1663161288474
-0.079008654 ,3.0119057 ,8.9040365,23.518231250345707,87.34511221759021 ,22.140000343322754,63.39583814884978 ,0.0,18:44:48 pm,1663161288480
-0.45250413 ,3.0909145 ,7.9224133,23.518231250345707,87.34511221759021 ,22.140000343322754,63.39583814884978 ,0.0,18:44:48 pm,1663161288484
-0.6368576 ,3.1507695 ,7.33344,23.518231250345707,87.34511221759021 ,22.140000343322754,63.39583814884978 ,0.0,18:44:48 pm,1663161288489
-0.6751649 ,3.1435869 ,7.3190746,23.518231250345707,87.34511221759021 ,22.140000343322754,63.39583814884978 ,0.0,18:44:48 pm,1663161288497
-0.49799395 ,3.052607 ,7.797915,23.518231250345707,87.34511221759021 ,22.140000343322754,63.39583814884978 ,0.0,18:44:48 pm,1663161288499
-0.22026655 ,2.9616275 ,8.358158,23.518231250345707,87.34511221759021 ,22.140000343322754,63.39583814884978 ,0.0,18:44:48 pm,1663161288504
0.12928689 ,2.9017725 ,8.882488,23.518231250345707,87.34511221759021 ,22.140000343322754,63.39583814884978 ,0.0,18:44:48 pm,1663161288509
0.37110126 ,2.9161377 ,9.3733,23.518231250345707,87.34511221759021 ,22.140000343322754,63.39583814884978 ,0.0,18:44:48 pm,1663161288515
0.50038815 ,2.822764 ,10.108319,23.518231250345707,87.34511221759021 ,22.140000343322754,63.39583814884978 ,0.0,18:44:48 pm,1663161288519
0.6368576 ,2.8107927 ,10.556035,23.518231250345707,87.34511221759021 ,22.140000343322754,63.39583814884978 ,0.0,18:44:48 pm,1663161288524
0.7398083 ,2.7988217 ,11.001357,23.518231250345707,87.34511221759021 ,22.140000343322754,63.39583814884978 ,0.0,18:44:48 pm,1663161288531
0.58897364 ,2.9017725 ,11.180922,23.518231250345707,87.34511221759021 ,22.140000343322754,63.39583814884978 ,0.0,18:44:48 pm,1663161288534
0.4141969 ,2.837129 ,11.025299,23.518231250345707,87.34511221759021 ,22.140000343322754,63.39583814884978 ,0.0,18:44:48 pm,1663161288538
0.33279404 ,2.4660277 ,10.3214035,23.518231250345707,87.34511221759021 ,22.140000343322754,63.39583814884978 ,0.0,18:44:48 pm,1663161288548
0.23463176 ,2.1763294 ,9.581595,23.518231250345707,87.34511221759021 ,22.140000343322754,63.39583814884978 ,0.0,18:44:48 pm,1663161288551
0.12210429 ,1.982399 ,9.002198,23.518231250345707,87.34511221759021 ,22.140000343322754,63.39583814884978 ,0.0,18:44:48 pm,1663161288555
0.0023942017 ,1.9488802 ,8.561666,23.518231250345707,87.34511221759021 ,22.140000343322754,63.39583814884978 ,0.0,18:44:48 pm,1663161288559
-0.031124622 ,1.958457 ,8.456321,23.518231250345707,87.34511221759021 ,22.140000343322754,63.39583814884978 ,0.0,18:44:48 pm,1663161288573
-0.02633622 ,1.9967642 ,8.573636,23.518231250345707,87.34511221759021 ,22.140000343322754,63.39583814884978 ,0.0,18:44:48 pm,1663161288576
0.076614454 ,2.0566192 ,8.949526,23.518231250345707,87.34511221759021 ,22.140000343322754,63.39583814884978 ,0.0,18:44:48 pm,1663161288578
0.23223756 ,2.1068976 ,9.3182335,23.518231250345707,87.34511221759021 ,22.140000343322754,63.39583814884978 ,0.0,18:44:48 pm,1663161288580
0.4165911 ,2.1452048 ,9.725247,23.518231250345707,87.34511221759021 ,22.140000343322754,63.68686104341577 ,0.0,18:44:48 pm,1663161288584
