x,y,z,latitude,longitude,speed,sound,light,time,timestamp
1.316811 ,1.0749966 ,8.59279,23.518010512925684,87.34554472379386 ,10.475999450683593,66.68474809171046 ,0.0,18:28:45 pm,1663160325769
1.1252748 ,0.7685388 ,9.296685,23.518010512925684,87.34554472379386 ,10.475999450683593,66.68474809171046 ,0.0,18:28:45 pm,1663160325773
0.9528923 ,0.5674258 ,10.0508585,23.518010512925684,87.34554472379386 ,10.475999450683593,66.68474809171046 ,0.0,18:28:45 pm,1663160325778
0.6847417 ,0.38067806 ,10.891224,23.518010512925684,87.34554472379386 ,10.475999450683593,66.68474809171046 ,0.0,18:28:45 pm,1663160325785
0.45250413 ,0.2681506 ,11.528081,23.518010512925684,87.34554472379386 ,10.475999450683593,66.68474809171046 ,0.0,18:28:45 pm,1663160325788
0.260968 ,0.21787235 ,12.20564,23.518010512925684,87.34554472379386 ,10.475999450683593,66.68474809171046 ,0.0,18:28:45 pm,1663160325793
0.062249243 ,0.19153613 ,12.605472,23.518010512925684,87.34554472379386 ,10.475999450683593,66.68474809171046 ,0.0,18:28:45 pm,1663160325798
-0.05267244 ,0.23223756 ,12.890382,23.518010512925684,87.34554472379386 ,10.475999450683593,66.68474809171046 ,0.0,18:28:45 pm,1663160325804
-0.18914193 ,0.29448682 ,12.959814,23.518010512925684,87.34554472379386 ,10.475999450683593,66.68474809171046 ,0.0,18:28:45 pm,1663160325808
-0.25378537 ,0.37110126 ,12.770672,23.518010512925684,87.34554472379386 ,10.475999450683593,66.68474809171046 ,0.0,18:28:45 pm,1663160325813
-0.2705448 ,0.46926352 ,12.263102,23.518010512925684,87.34554472379386 ,10.475999450683593,66.68474809171046 ,0.0,18:28:45 pm,1663160325820
-0.23463176 ,0.58418524 ,11.7268,23.518010512925684,87.34554472379386 ,10.475999450683593,66.68474809171046 ,0.0,18:28:45 pm,1663160325824
-0.1388637 ,0.7015011 ,11.066,23.518010512925684,87.34554472379386 ,10.475999450683593,66.68474809171046 ,0.0,18:28:45 pm,1663160325828
0.059855044 ,0.80205756 ,10.163386,23.518010512925684,87.34554472379386 ,10.475999450683593,66.68474809171046 ,0.0,18:28:45 pm,1663160325836
0.2681506 ,0.8643068 ,9.469068,23.518010512925684,87.34554472379386 ,10.475999450683593,66.68474809171046 ,0.0,18:28:45 pm,1663160325839
0.5626374 ,0.93613285 ,8.698134,23.518010512925684,87.34554472379386 ,10.475999450683593,66.68474809171046 ,0.0,18:28:45 pm,1663160325843
0.7158663 ,0.9768343 ,8.259995,23.518010512925684,87.34554472379386 ,10.475999450683593,66.68474809171046 ,0.0,18:28:45 pm,1663160325852
0.8499416 ,1.0199299 ,7.9463553,23.518010512925684,87.34554472379386 ,10.475999450683593,66.68474809171046 ,0.0,18:28:45 pm,1663160325855
0.9768343 ,1.0366893 ,7.7213006,23.518010512925684,87.34554472379386 ,10.475999450683593,66.68474809171046 ,0.0,18:28:45 pm,1663160325858
1.0630256 ,1.0414777 ,7.6973586,23.518010512925684,87.34554472379386 ,10.475999450683593,66.68474809171046 ,0.0,18:28:45 pm,1663160325863
1.151611 ,1.0390835 ,7.9104424,23.518010512925684,87.34554472379386 ,10.475999450683593,66.68474809171046 ,0.0,18:28:45 pm,1663160325870
1.1563994 ,0.9959879 ,8.255207,23.518010512925684,87.34554472379386 ,10.475999450683593,66.68474809171046 ,0.0,18:28:45 pm,1663160325874
1.1252748 ,0.9648633 ,8.573636,23.518010512925684,87.34554472379386 ,10.475999450683593,66.68474809171046 ,0.0,18:28:45 pm,1663160325879
1.0654198 ,0.91937345 ,8.978256,23.518010512925684,87.34554472379386 ,10.475999450683593,66.68474809171046 ,0.0,18:28:45 pm,1663160325885
1.0007763 ,0.92895025 ,9.330204,23.518010512925684,87.34554472379386 ,10.475999450683593,66.68474809171046 ,0.0,18:28:45 pm,1663160325889
0.89782566 ,0.92416185 ,9.694122,23.518010512925684,87.34554472379386 ,10.475999450683593,66.68474809171046 ,0.0,18:28:45 pm,1663160325894
0.81642276 ,0.90261406 ,9.988609,23.518010512925684,87.34554472379386 ,10.475999450683593,66.68474809171046 ,0.0,18:28:45 pm,1663160325899
0.80205756 ,0.90261406 ,10.230424,23.518010512925684,87.34554472379386 ,10.475999450683593,66.68474809171046 ,0.0,18:28:45 pm,1663160325905
0.81642276 ,0.85473 ,10.386047,23.517988342791796,87.34557850286365 ,12.6,66.68474809171046 ,0.0,18:28:45 pm,1663160325908
0.85473 ,0.82360536 ,10.429143,23.517988342791796,87.34557850286365 ,12.6,66.68474809171046 ,0.0,18:28:45 pm,1663160325913
0.90500826 ,0.8355764 ,10.388441,23.517988342791796,87.34557850286365 ,12.6,66.68474809171046 ,0.0,18:28:45 pm,1663160325919
0.94810385 ,0.866701 ,10.287885,23.517988342791796,87.34557850286365 ,12.6,66.68474809171046 ,0.0,18:28:45 pm,1663160325923
1.0079589 ,0.8882488 ,10.06283,23.517988342791796,87.34557850286365 ,12.6,66.68474809171046 ,0.0,18:28:45 pm,1663160325928
1.1061212 ,0.91458505 ,9.634268,23.517988342791796,87.34557850286365 ,12.6,66.68474809171046 ,0.0,18:28:45 pm,1663160325935
1.2258313 ,0.91937345 ,9.287108,23.517988342791796,87.34557850286365 ,12.6,66.68474809171046 ,0.0,18:28:45 pm,1663160325939
1.3263878 ,0.92895025 ,8.959103,23.517988342791796,87.34557850286365 ,12.6,66.68474809171046 ,0.0,18:28:45 pm,1663160325944
1.4293385 ,0.9816227 ,8.784326,23.517988342791796,87.34557850286365 ,12.6,66.68474809171046 ,0.0,18:28:45 pm,1663160325952
1.5394717 ,1.0295067 ,8.583213,23.517988342791796,87.34557850286365 ,12.6,66.68474809171046 ,0.0,18:28:45 pm,1663160325955
1.6400281 ,1.0965444 ,8.420407,23.517988342791796,87.34557850286365 ,12.6,66.68474809171046 ,0.0,18:28:45 pm,1663160325959
1.6879122 ,1.1444284 ,8.236053,23.517988342791796,87.34557850286365 ,12.6,66.68474809171046 ,0.0,18:28:45 pm,1663160325964
1.721431 ,1.1875241 ,8.034941,23.517988342791796,87.34557850286365 ,12.6,66.68474809171046 ,0.0,18:28:45 pm,1663160325970
1.7405846 ,1.1947067 ,7.869741,23.517988342791796,87.34557850286365 ,12.6,66.68474809171046 ,0.0,18:28:45 pm,1663160325975
1.6998832 ,1.1731589 ,7.752425,23.517988342791796,87.34557850286365 ,12.6,66.68474809171046 ,0.0,18:28:45 pm,1663160325979
1.6304513 ,1.1228806 ,7.668628,23.517988342791796,87.34557850286365 ,12.6,66.68474809171046 ,0.0,18:28:45 pm,1663160325986
1.6089035 ,1.0989386 ,7.66384,23.517988342791796,87.34557850286365 ,12.6,66.68474809171046 ,0.0,18:28:45 pm,1663160325989
1.5370775 ,1.0175357 ,7.7667904,23.517988342791796,87.34557850286365 ,12.6,66.68474809171046 ,0.0,18:28:45 pm,1663160325994
1.4676456 ,0.93134445 ,7.908048,23.517988342791796,87.34557850286365 ,12.6,66.68474809171046 ,0.0,18:28:46 pm,1663160326003
1.3503298 ,0.8523358 ,8.061277,23.517988342791796,87.34557850286365 ,12.6,66.68474809171046 ,0.0,18:28:46 pm,1663160326005
1.2234371 ,0.7781156 ,8.307879,23.517988342791796,87.34557850286365 ,12.6,66.68474809171046 ,0.0,18:28:46 pm,1663160326009
1.1563994 ,0.7038953 ,8.477868,23.517988342791796,87.34557850286365 ,12.6,66.68474809171046 ,0.0,18:28:46 pm,1663160326014
1.0821792 ,0.59615624 ,8.65025,23.517988342791796,87.34557850286365 ,12.6,66.68474809171046 ,0.0,18:28:46 pm,1663160326021
1.0462662 ,0.5482722 ,8.7532015,23.517988342791796,87.34557850286365 ,12.6,66.68474809171046 ,0.0,18:28:46 pm,1663160326024
0.9959879 ,0.49799395 ,8.851364,23.517988342791796,87.34557850286365 ,12.6,66.68474809171046 ,0.0,18:28:46 pm,1663160326029
0.9648633 ,0.4429273 ,8.99741,23.517988342791796,87.34557850286365 ,12.6,66.68474809171046 ,0.0,18:28:46 pm,1663160326036
0.94092125 ,0.4381389 ,9.062054,23.517988342791796,87.34557850286365 ,12.6,66.68474809171046 ,0.0,18:28:46 pm,1663160326040
0.90740246 ,0.4309563 ,9.102755,23.517988342791796,87.34557850286365 ,12.6,66.68474809171046 ,0.0,18:28:46 pm,1663160326044
0.89543146 ,0.45729253 ,9.100361,23.517988342791796,87.34557850286365 ,12.6,66.68474809171046 ,0.0,18:28:46 pm,1663160326052
0.92176765 ,0.51714754 ,9.0429,23.517988342791796,87.34557850286365 ,12.6,66.68474809171046 ,0.0,18:28:46 pm,1663160326055
0.94331545 ,0.58657944 ,8.942344,23.517988342791796,87.34557850286365 ,12.6,66.68474809171046 ,0.0,18:28:46 pm,1663160326060
0.9959879 ,0.58418524 ,8.7125,23.517988342791796,87.34557850286365 ,12.6,66.68474809171046 ,0.0,18:28:46 pm,1663160326065
1.0007763 ,0.5554548 ,8.406042,23.517988342791796,87.34557850286365 ,12.6,66.68474809171046 ,0.0,18:28:46 pm,1663160326071
1.0462662 ,0.533907 ,8.169016,23.517988342791796,87.34557850286365 ,12.6,66.68474809171046 ,0.0,18:28:46 pm,1663160326075
1.0654198 ,0.48602295 ,7.8984714,23.517988342791796,87.34557850286365 ,12.6,66.68474809171046 ,0.0,18:28:46 pm,1663160326080
1.1611878 ,0.4381389 ,7.762002,23.517988342791796,87.34557850286365 ,12.6,66.68474809171046 ,0.0,18:28:46 pm,1663160326086
1.2306197 ,0.34955344 ,7.714118,23.517988342791796,87.34557850286365 ,12.6,66.68474809171046 ,0.0,18:28:46 pm,1663160326090
1.316811 ,0.23942018 ,7.7667904,23.517988342791796,87.34557850286365 ,12.6,66.68474809171046 ,0.0,18:28:46 pm,1663160326095
1.352724 ,0.10534488 ,7.9224133,23.517988342791796,87.34557850286365 ,12.6,64.1716601083276 ,0.0,18:28:46 pm,1663160326102
1.3790601 ,-0.038307227 ,8.3150625,23.517988342791796,87.34557850286365 ,12.6,64.1716601083276 ,0.0,18:28:46 pm,1663160326105
1.3694834 ,-0.21547815 ,8.734048,23.517988342791796,87.34557850286365 ,12.6,64.1716601083276 ,0.0,18:28:46 pm,1663160326109
1.3000516 ,-0.33997664 ,9.215282,23.517988342791796,87.34557850286365 ,12.6,64.1716601083276 ,0.0,18:28:46 pm,1663160326115
1.1348516 ,-0.48123455 ,9.830592,23.517988342791796,87.34557850286365 ,12.6,64.1716601083276 ,0.0,18:28:46 pm,1663160326121
0.9744401 ,-0.58657944 ,10.314221,23.517988342791796,87.34557850286365 ,12.6,64.1716601083276 ,0.0,18:28:46 pm,1663160326125
0.7134721 ,-0.6751649 ,10.788273,23.517988342791796,87.34557850286365 ,12.6,64.1716601083276 ,0.0,18:28:46 pm,1663160326130
0.45250413 ,-0.7302315 ,11.116279,23.517988342791796,87.34557850286365 ,12.6,64.1716601083276 ,0.0,18:28:46 pm,1663160326137
0.17238252 ,-0.7493851 ,11.422736,23.517988342791796,87.34557850286365 ,12.6,64.1716601083276 ,0.0,18:28:46 pm,1663160326140
-0.16759412 ,-0.6703765 ,11.6669445,23.517988342791796,87.34557850286365 ,12.6,64.1716601083276 ,0.0,18:28:46 pm,1663160326144
-0.36391866 ,-0.5793968 ,11.7148285,23.517988342791796,87.34557850286365 ,12.6,64.1716601083276 ,0.0,18:28:46 pm,1663160326152
-0.45010993 ,-0.40462008 ,11.489774,23.517988342791796,87.34557850286365 ,12.6,64.1716601083276 ,0.0,18:28:46 pm,1663160326156
-0.47165772 ,-0.260968 ,11.106702,23.517988342791796,87.34557850286365 ,12.6,64.1716601083276 ,0.0,18:28:46 pm,1663160326160
-0.46208093 ,-0.09816227 ,10.601525,23.517988342791796,87.34557850286365 ,12.6,64.1716601083276 ,0.0,18:28:46 pm,1663160326165
-0.35673606 ,0.05746084 ,9.890448,23.517988342791796,87.34557850286365 ,12.6,64.1716601083276 ,0.0,18:28:46 pm,1663160326172
-0.1364695 ,0.18435353 ,9.330204,23.517988342791796,87.34557850286365 ,12.6,64.1716601083276 ,0.0,18:28:46 pm,1663160326176
0.12449849 ,0.35673606 ,8.7125,23.517988342791796,87.34557850286365 ,12.6,64.1716601083276 ,0.0,18:28:46 pm,1663160326181
0.29927522 ,0.50517654 ,8.310274,23.517988342791796,87.34557850286365 ,12.6,64.1716601083276 ,0.0,18:28:46 pm,1663160326187
0.51954174 ,0.6536171 ,7.9990277,23.517988342791796,87.34557850286365 ,12.6,64.1716601083276 ,0.0,18:28:46 pm,1663160326190
0.79248077 ,0.8523358 ,7.7069354,23.517988342791796,87.34557850286365 ,12.6,64.1716601083276 ,0.0,18:28:46 pm,1663160326195
1.0199299 ,0.9744401 ,7.5465236,23.517988342791796,87.34557850286365 ,12.6,64.1716601083276 ,0.0,18:28:46 pm,1663160326201
1.292869 ,1.067814 ,7.433996,23.517988342791796,87.34557850286365 ,12.6,64.1716601083276 ,0.0,18:28:46 pm,1663160326205
1.496376 ,1.1085154 ,7.4028716,23.517988342791796,87.34557850286365 ,12.6,64.1716601083276 ,0.0,18:28:46 pm,1663160326210
1.697489 ,1.0821792 ,7.4268136,23.517988342791796,87.34557850286365 ,12.6,64.1716601083276 ,0.0,18:28:46 pm,1663160326216
1.8315643 ,1.0007763 ,7.6231384,23.517988342791796,87.34557850286365 ,12.6,64.1716601083276 ,0.0,18:28:46 pm,1663160326221
1.8531121 ,0.90740246 ,7.9152308,23.517988342791796,87.34557850286365 ,12.6,64.1716601083276 ,0.0,18:28:46 pm,1663160326226
1.8291701 ,0.7445967 ,8.403648,23.517988342791796,87.34557850286365 ,12.6,64.1716601083276 ,0.0,18:28:46 pm,1663160326231
1.7717092 ,0.5770026 ,8.829816,23.517988342791796,87.34557850286365 ,12.6,64.1716601083276 ,0.0,18:28:46 pm,1663160326237
1.6903064 ,0.3854665 ,9.23683,23.517988342791796,87.34557850286365 ,12.6,64.1716601083276 ,0.0,18:28:46 pm,1663160326241
1.6065093 ,0.18195933 ,9.828198,23.517988342791796,87.34557850286365 ,12.6,64.1716601083276 ,0.0,18:28:46 pm,1663160326245
1.5059528 ,0.05746084 ,10.259154,23.517988342791796,87.34557850286365 ,12.6,64.1716601083276 ,0.0,18:28:46 pm,1663160326253
1.4413095 ,-0.011971008 ,10.745177,23.517988342791796,87.34557850286365 ,12.6,64.1716601083276 ,0.0,18:28:46 pm,1663160326256
1.4053963 ,-0.031124622 ,11.097125,23.517988342791796,87.34557850286365 ,12.6,64.1716601083276 ,0.0,18:28:46 pm,1663160326261
1.3575124 ,-0.033518825 ,11.334151,23.517988342791796,87.34557850286365 ,12.6,64.1716601083276 ,0.0,18:28:46 pm,1663160326269
