x,y,z,latitude,longitude,speed,sound,light,time,timestamp
-0.557849 ,2.2505496 ,10.642226,23.53458354715258,87.33482175506651 ,11.735999965667725,64.69870047827098 ,0.0,17:43:50 pm,1663157630287
-0.5386954 ,2.243367 ,10.496181,23.53458354715258,87.33482175506651 ,11.735999965667725,64.69870047827098 ,0.0,17:43:50 pm,1663157630291
-0.5530606 ,2.2577322 ,10.268731,23.53458354715258,87.33482175506651 ,11.735999965667725,64.69870047827098 ,0.0,17:43:50 pm,1663157630295
-0.61530983 ,2.2625206 ,10.156203,23.53458354715258,87.33482175506651 ,11.735999965667725,64.69870047827098 ,0.0,17:43:50 pm,1663157630304
-0.78050977 ,2.384625 ,10.084377,23.53458354715258,87.33482175506651 ,11.735999965667725,64.69870047827098 ,0.0,17:43:50 pm,1663157630307
-0.8523358 ,2.4995465 ,10.041282,23.53458354715258,87.33482175506651 ,11.735999965667725,64.69870047827098 ,0.0,17:43:50 pm,1663157630310
-0.8331822 ,2.6144683 ,9.97185,23.53458354715258,87.33482175506651 ,11.735999965667725,64.69870047827098 ,0.0,17:43:50 pm,1663157630315
-0.6847417 ,2.6886885 ,9.787497,23.53458354715258,87.33482175506651 ,11.735999965667725,64.69870047827098 ,0.0,17:43:50 pm,1663157630322
-0.50038815 ,2.669535 ,9.651027,23.53458354715258,87.33482175506651 ,11.735999965667725,64.69870047827098 ,0.0,17:43:50 pm,1663157630325
-0.24899697 ,2.5953147 ,9.440337,23.53458354715258,87.33482175506651 ,11.735999965667725,64.69870047827098 ,0.0,17:43:50 pm,1663157630330
-0.12689269 ,2.5091233 ,9.399636,23.53458354715258,87.33482175506651 ,11.735999965667725,64.69870047827098 ,0.0,17:43:50 pm,1663157630337
-0.12449849 ,2.4540567 ,9.524135,23.53458354715258,87.33482175506651 ,11.735999965667725,64.69870047827098 ,0.0,17:43:50 pm,1663157630340
-0.17717093 ,2.456451 ,9.873688,23.53458354715258,87.33482175506651 ,11.735999965667725,64.69870047827098 ,0.0,17:43:50 pm,1663157630345
-0.23463176 ,2.4492683 ,10.228029,23.53458354715258,87.33482175506651 ,11.735999965667725,64.69870047827098 ,0.0,17:43:50 pm,1663157630354
-0.37828386 ,2.3822308 ,10.704475,23.53458354715258,87.33482175506651 ,11.735999965667725,64.69870047827098 ,0.0,17:43:50 pm,1663157630357
-0.45729253 ,2.3319526 ,11.063606,23.53458354715258,87.33482175506651 ,11.735999965667725,64.69870047827098 ,0.0,17:43:50 pm,1663157630361
-0.545878 ,2.2649148 ,11.377247,23.53458354715258,87.33482175506651 ,11.735999965667725,64.69870047827098 ,0.0,17:43:50 pm,1663157630365
-0.62249243 ,2.2290018 ,11.705252,23.53458354715258,87.33482175506651 ,11.735999965667725,64.69870047827098 ,0.0,17:43:50 pm,1663157630372
-0.62488663 ,2.2457612 ,11.872847,23.53458354715258,87.33482175506651 ,11.735999965667725,64.69870047827098 ,0.0,17:43:50 pm,1663157630376
-0.61530983 ,2.360683 ,11.923124,23.53458354715258,87.33482175506651 ,11.735999965667725,64.69870047827098 ,0.0,17:43:50 pm,1663157630380
-0.6631939 ,2.4995465 ,11.887212,23.53458354715258,87.33482175506651 ,11.735999965667725,64.69870047827098 ,0.0,17:43:50 pm,1663157630387
-0.7254431 ,2.6671407 ,11.834539,23.53458354715258,87.33482175506651 ,11.735999965667725,64.69870047827098 ,0.0,17:43:50 pm,1663157630391
-0.7374141 ,2.813187 ,11.496957,23.53458354715258,87.33482175506651 ,11.735999965667725,64.69870047827098 ,0.0,17:43:50 pm,1663157630396
-0.6464345 ,2.8898015 ,10.929531,23.53458354715258,87.33482175506651 ,11.735999965667725,64.69870047827098 ,0.0,17:43:50 pm,1663157630405
-0.45250413 ,2.9783869 ,9.991004,23.53458354715258,87.33482175506651 ,11.735999965667725,64.69870047827098 ,0.0,17:43:50 pm,1663157630408
-0.2681506 ,3.040636 ,9.287108,23.53458354715258,87.33482175506651 ,11.735999965667725,64.69870047827098 ,0.0,17:43:50 pm,1663157630411
-0.14604631 ,3.0573955 ,8.532935,23.53458354715258,87.33482175506651 ,11.735999965667725,64.69870047827098 ,0.0,17:43:50 pm,1663157630416
-0.007182605 ,3.0933087 ,7.6949644,23.53458354715258,87.33482175506651 ,11.735999965667725,64.69870047827098 ,0.0,17:43:50 pm,1663157630422
0.074220255 ,3.110068 ,7.1945763,23.53458354715258,87.33482175506651 ,11.735999965667725,64.69870047827098 ,0.0,17:43:50 pm,1663157630426
0.16759412 ,3.1196449 ,6.909666,23.53458354715258,87.33482175506651 ,11.735999965667725,64.69870047827098 ,0.0,17:43:50 pm,1663157630431
0.20829555 ,3.083732 ,6.9240313,23.53458354715258,87.33482175506651 ,11.735999965667725,64.69870047827098 ,0.0,17:43:50 pm,1663157630438
0.19153613 ,3.040636 ,7.1227503,23.53458354715258,87.33482175506651 ,11.735999965667725,64.69870047827098 ,0.0,17:43:50 pm,1663157630441
0.07182605 ,3.0095115 ,7.6614456,23.53458354715258,87.33482175506651 ,11.735999965667725,64.69870047827098 ,0.0,17:43:50 pm,1663157630446
-0.06703765 ,3.0095115 ,8.171411,23.53458354715258,87.33482175506651 ,11.735999965667725,64.69870047827098 ,0.0,17:43:50 pm,1663157630454
-0.24420857 ,2.9735985 ,8.7292595,23.53458354715258,87.33482175506651 ,11.735999965667725,64.69870047827098 ,0.0,17:43:50 pm,1663157630456
-0.4261679 ,2.930503 ,9.131485,23.53458354715258,87.33482175506651 ,11.735999965667725,64.69870047827098 ,0.0,17:43:50 pm,1663157630461
-0.5410896 ,2.8921957 ,9.378088,23.53458354715258,87.33482175506651 ,11.735999965667725,64.69870047827098 ,0.0,17:43:50 pm,1663157630466
-0.62967503 ,2.8802247 ,9.64145,23.53458354715258,87.33482175506651 ,11.735999965667725,64.69870047827098 ,0.0,17:43:50 pm,1663157630472
-0.7206547 ,2.8754363 ,9.77792,23.53458354715258,87.33482175506651 ,11.735999965667725,64.69870047827098 ,0.0,17:43:50 pm,1663157630476
-0.79248077 ,2.8203697 ,9.797073,23.53458354715258,87.33482175506651 ,11.735999965667725,64.69870047827098 ,0.0,17:43:50 pm,1663157630481
-0.80205756 ,2.7389667 ,9.634268,23.53458354715258,87.33482175506651 ,11.735999965667725,64.69870047827098 ,0.0,17:43:50 pm,1663157630488
-0.7685388 ,2.6862943 ,9.332599,23.53458354715258,87.33482175506651 ,11.735999965667725,64.69870047827098 ,0.0,17:43:50 pm,1663157630491
-0.6991069 ,2.6072857 ,8.889671,23.53458354715258,87.33482175506651 ,11.735999965667725,64.69870047827098 ,0.0,17:43:50 pm,1663157630497
-0.60573304 ,2.5594015 ,8.580819,23.53458354715258,87.33482175506651 ,11.735999965667725,64.69870047827098 ,0.0,17:43:50 pm,1663157630504
-0.5722142 ,2.492364 ,8.276755,23.53458354715258,87.33482175506651 ,11.735999965667725,64.69870047827098 ,0.0,17:43:50 pm,1663157630507
-0.50278234 ,2.384625 ,8.157045,23.53458354715258,87.33482175506651 ,11.735999965667725,64.69870047827098 ,0.0,17:43:50 pm,1663157630511
-0.4213795 ,2.2936451 ,8.12592,23.53458354715258,87.33482175506651 ,11.735999965667725,64.69870047827098 ,0.0,17:43:50 pm,1663157630516
-0.33758244 ,2.2457612 ,8.226477,23.53458354715258,87.33482175506651 ,11.735999965667725,64.69870047827098 ,0.0,17:43:50 pm,1663157630523
-0.32561144 ,2.219425 ,8.42759,23.53458354715258,87.33482175506651 ,11.735999965667725,64.69870047827098 ,0.0,17:43:50 pm,1663157630527
-0.40940848 ,2.2697031 ,8.75799,23.53458354715258,87.33482175506651 ,11.735999965667725,64.69870047827098 ,0.0,17:43:50 pm,1663157630531
-0.59855044 ,2.3798366 ,9.0476885,23.53458354715258,87.33482175506651 ,11.735999965667725,64.69870047827098 ,0.0,17:43:50 pm,1663157630539
-0.7254431 ,2.5019407 ,9.184157,23.53458354715258,87.33482175506651 ,11.735999965667725,64.69870047827098 ,0.0,17:43:50 pm,1663157630542
-0.8379706 ,2.6743233 ,9.232041,23.53458354715258,87.33482175506651 ,11.735999965667725,64.69870047827098 ,0.0,17:43:50 pm,1663157630547
-0.82599956 ,2.777274 ,9.13388,23.53458354715258,87.33482175506651 ,11.735999965667725,64.69870047827098 ,0.0,17:43:50 pm,1663157630554
-0.6991069 ,2.7988217 ,8.815451,23.53458354715258,87.33482175506651 ,11.735999965667725,64.69870047827098 ,0.0,17:43:50 pm,1663157630557
-0.61052144 ,2.7222073 ,8.494628,23.53458354715258,87.33482175506651 ,11.735999965667725,64.69870047827098 ,0.0,17:43:50 pm,1663157630562
-0.48841715 ,2.6791117 ,8.147469,23.53458354715258,87.33482175506651 ,11.735999965667725,64.69870047827098 ,0.0,17:43:50 pm,1663157630567
-0.35673606 ,2.6360161 ,7.8027034,23.53458354715258,87.33482175506651 ,11.735999965667725,64.69870047827098 ,0.0,17:43:50 pm,1663157630573
-0.2825158 ,2.5785553 ,7.644686,23.53458354715258,87.33482175506651 ,11.735999965667725,64.69870047827098 ,0.0,17:43:50 pm,1663157630577
-0.24181437 ,2.540248 ,7.4842744,23.53458354715258,87.33482175506651 ,11.735999965667725,64.69870047827098 ,0.0,17:43:50 pm,1663157630582
-0.12689269 ,2.4468741 ,7.455544,23.53458354715258,87.33482175506651 ,11.735999965667725,64.69870047827098 ,0.0,17:43:50 pm,1663157630588
-0.09816227 ,2.3774424 ,7.61835,23.53458354715258,87.33482175506651 ,11.735999965667725,64.69870047827098 ,0.0,17:43:50 pm,1663157630592
-0.090979666 ,2.3295584 ,7.991845,23.53458354715258,87.33482175506651 ,11.735999965667725,64.69870047827098 ,0.0,17:43:50 pm,1663157630597
-0.09816227 ,2.2840683 ,8.470686,23.53458354715258,87.33482175506651 ,11.735999965667725,64.69870047827098 ,0.0,17:43:50 pm,1663157630604
-0.11492168 ,2.243367 ,9.057265,23.53458354715258,87.33482175506651 ,11.735999965667725,64.69870047827098 ,0.0,17:43:50 pm,1663157630607
-0.15562311 ,2.1763294 ,9.433155,23.53458354715258,87.33482175506651 ,11.735999965667725,64.69870047827098 ,0.0,17:43:50 pm,1663157630612
-0.19871874 ,2.1428106 ,9.765948,23.53458354715258,87.33482175506651 ,11.735999965667725,64.69870047827098 ,0.0,17:43:50 pm,1663157630617
-0.22984336 ,2.1380222 ,10.053253,23.53458354715258,87.33482175506651 ,11.735999965667725,64.69870047827098 ,0.0,17:43:50 pm,1663157630624
-0.2633622 ,2.1380222 ,10.158598,23.53458354715258,87.33482175506651 ,11.735999965667725,64.69870047827098 ,0.0,17:43:50 pm,1663157630627
-0.3184288 ,2.1691468 ,10.201694,23.53458354715258,87.33482175506651 ,11.735999965667725,64.69870047827098 ,0.0,17:43:50 pm,1663157630632
-0.37588966 ,2.2266076 ,10.132261,23.53458354715258,87.33482175506651 ,11.735999965667725,64.69870047827098 ,0.0,17:43:50 pm,1663157630638
-0.45250413 ,2.3104045 ,9.916783,23.53458354715258,87.33482175506651 ,11.735999965667725,64.69870047827098 ,0.0,17:43:50 pm,1663157630643
-0.48123455 ,2.4277205 ,9.454702,23.53458354715258,87.33482175506651 ,11.735999965667725,64.69870047827098 ,0.0,17:43:50 pm,1663157630647
-0.47644615 ,2.552219 ,8.947132,23.53458354715258,87.33482175506651 ,11.735999965667725,64.69870047827098 ,0.0,17:43:50 pm,1663157630655
-0.40701428 ,2.6360161 ,8.286332,23.53458354715258,87.33482175506651 ,11.735999965667725,64.69870047827098 ,0.0,17:43:50 pm,1663157630657
-0.2681506 ,2.7269957 ,7.78355,23.53458354715258,87.33482175506651 ,11.735999965667725,64.69870047827098 ,0.0,17:43:50 pm,1663157630663
-0.12928689 ,2.7820623 ,7.326257,23.53458354715258,87.33482175506651 ,11.735999965667725,64.69870047827098 ,0.0,17:43:50 pm,1663157630667
0.1316811 ,2.743755 ,6.8785415,23.53458354715258,87.33482175506651 ,11.735999965667725,64.69870047827098 ,0.0,17:43:50 pm,1663157630673
0.33758244 ,2.6001031 ,6.6774287,23.53458354715258,87.33482175506651 ,11.735999965667725,64.69870047827098 ,0.0,17:43:50 pm,1663157630677
0.51954174 ,2.396596 ,6.8306575,23.53458354715258,87.33482175506651 ,11.735999965667725,64.69870047827098 ,0.0,17:43:50 pm,1663157630682
0.521936 ,2.1906946 ,7.28795,23.53458354715258,87.33482175506651 ,11.735999965667725,64.69870047827098 ,0.0,17:43:50 pm,1663157630688
0.4405331 ,2.0566192 ,8.027759,23.53458354715258,87.33482175506651 ,11.735999965667725,64.69870047827098 ,0.0,17:43:50 pm,1663157630693
0.29209262 ,1.9536686 ,9.095572,23.53458354715258,87.33482175506651 ,11.735999965667725,64.69870047827098 ,0.0,17:43:50 pm,1663157630698
0.23223756 ,1.8602947 ,9.861717,23.53458354715258,87.33482175506651 ,11.735999965667725,64.69870047827098 ,0.0,17:43:50 pm,1663157630704
0.11252748 ,1.745373 ,10.675745,23.53458354715258,87.33482175506651 ,11.735999965667725,64.69870047827098 ,0.0,17:43:50 pm,1663157630708
-0.074220255 ,1.6567876 ,11.334151,23.53458354715258,87.33482175506651 ,11.735999965667725,64.69870047827098 ,0.0,17:43:50 pm,1663157630713
-0.24660277 ,1.5993267 ,12.076353,23.53458354715258,87.33482175506651 ,11.735999965667725,64.69870047827098 ,0.0,17:43:50 pm,1663157630721
-0.40462008 ,1.6065093 ,12.8448925,23.53458354715258,87.33482175506651 ,11.735999965667725,64.69870047827098 ,0.0,17:43:50 pm,1663157630723
-0.5291186 ,1.6136919 ,13.172897,23.53458354715258,87.33482175506651 ,11.735999965667725,64.69870047827098 ,0.0,17:43:50 pm,1663157630728
-0.5315128 ,1.6352397 ,13.187263,23.53458354715258,87.33482175506651 ,11.735999965667725,64.69870047827098 ,0.0,17:43:50 pm,1663157630732
-0.4309563 ,1.6998832 ,12.789825,23.53458354715258,87.33482175506651 ,11.735999965667725,64.69870047827098 ,0.0,17:43:50 pm,1663157630739
-0.25378537 ,1.8100165 ,12.152967,23.53458354715258,87.33482175506651 ,11.735999965667725,64.69870047827098 ,0.0,17:43:50 pm,1663157630743
-0.16280572 ,1.9273324 ,11.166556,23.53458354715258,87.33482175506651 ,11.735999965667725,64.69870047827098 ,0.0,17:43:50 pm,1663157630748
-0.10055647 ,2.0350714 ,10.374076,23.53458354715258,87.33482175506651 ,11.735999965667725,64.69870047827098 ,0.0,17:43:50 pm,1663157630755
-0.062249243 ,2.1140802 ,9.77792,23.53458354715258,87.33482175506651 ,11.735999965667725,64.69870047827098 ,0.0,17:43:50 pm,1663157630758
0.033518825 ,2.2122424 ,9.255983,23.53458354715258,87.33482175506651 ,11.735999965667725,65.35769792127658 ,0.0,17:43:50 pm,1663157630762
0.11252748 ,2.2601264 ,8.935161,23.53458354715258,87.33482175506651 ,11.735999965667725,65.35769792127658 ,0.0,17:43:50 pm,1663157630771
0.079008654 ,2.2888567 ,8.671799,23.53458354715258,87.33482175506651 ,11.735999965667725,65.35769792127658 ,0.0,17:43:50 pm,1663157630773
-0.016759412 ,2.3295584 ,8.65025,23.53458354715258,87.33482175506651 ,11.735999965667725,65.35769792127658 ,0.0,17:43:50 pm,1663157630777
-0.09816227 ,2.3702598 ,8.743625,23.53458354715258,87.33482175506651 ,11.735999965667725,65.35769792127658 ,0.0,17:43:50 pm,1663157630783
