x,y,z,latitude,longitude,speed,sound,light,time,timestamp
-1.673547 ,1.1061212 ,7.098808,23.53386903181672,87.33388868160546 ,41.363999176025395,81.31571381765342 ,0.0,17:44:04 pm,1663157644361
-1.1707647 ,1.0103531 ,6.7708025,23.53386903181672,87.33388868160546 ,41.363999176025395,81.31571381765342 ,0.0,17:44:04 pm,1663157644370
-0.92895025 ,0.94092125 ,6.751649,23.53386903181672,87.33388868160546 ,41.363999176025395,81.31571381765342 ,0.0,17:44:04 pm,1663157644373
-0.90261406 ,0.9672575 ,7.630321,23.53386903181672,87.33388868160546 ,41.363999176025395,81.31571381765342 ,0.0,17:44:04 pm,1663157644377
-0.94331545 ,1.067814 ,8.334216,23.53386903181672,87.33388868160546 ,41.363999176025395,81.31571381765342 ,0.0,17:44:04 pm,1663157644381
-1.1492168 ,1.3144168 ,9.006987,23.53386903181672,87.33388868160546 ,41.363999176025395,81.31571381765342 ,0.0,17:44:04 pm,1663157644387
-1.5251064 ,1.697489 ,10.240001,23.53386903181672,87.33388868160546 ,41.363999176025395,81.31571381765342 ,0.0,17:44:04 pm,1663157644392
-1.8267759 ,2.0973208 ,10.79785,23.53386903181672,87.33388868160546 ,41.363999176025395,81.31571381765342 ,0.0,17:44:04 pm,1663157644397
-2.4301147 ,2.5330653 ,11.3964,23.53386903181672,87.33388868160546 ,41.363999176025395,81.31571381765342 ,0.0,17:44:04 pm,1663157644403
-2.6719291 ,2.8107927 ,11.343728,23.53386903181672,87.33388868160546 ,41.363999176025395,81.31571381765342 ,0.0,17:44:04 pm,1663157644407
-2.4157495 ,3.107674 ,10.702082,23.53386903181672,87.33388868160546 ,41.363999176025395,81.31571381765342 ,0.0,17:44:04 pm,1663157644411
-1.9680338 ,3.1292217 ,9.619903,23.53386903181672,87.33388868160546 ,41.363999176025395,81.31571381765342 ,0.0,17:44:04 pm,1663157644419
-1.8459295 ,2.885013 ,9.0716305,23.53386903181672,87.33388868160546 ,41.363999176025395,81.31571381765342 ,0.0,17:44:04 pm,1663157644422
-1.1971009 ,2.5929205 ,8.209718,23.53386903181672,87.33388868160546 ,41.363999176025395,81.31571381765342 ,0.0,17:44:04 pm,1663157644426
-0.62728083 ,2.4229321 ,7.264008,23.53386903181672,87.33388868160546 ,41.363999176025395,81.31571381765342 ,0.0,17:44:04 pm,1663157644431
-0.34476504 ,2.111686 ,6.519411,23.53386903181672,87.33388868160546 ,41.363999176025395,81.31571381765342 ,0.0,17:44:04 pm,1663157644437
-0.04309563 ,1.7621324 ,6.8210807,23.53386903181672,87.33388868160546 ,41.363999176025395,81.31571381765342 ,0.0,17:44:04 pm,1663157644441
-0.22266077 ,1.6639702 ,6.95755,23.53386903181672,87.33388868160546 ,41.363999176025395,81.31571381765342 ,0.0,17:44:04 pm,1663157644446
-0.7206547 ,1.7621324 ,7.8888946,23.53386903181672,87.33388868160546 ,41.363999176025395,81.31571381765342 ,0.0,17:44:04 pm,1663157644452
-0.91937345 ,2.0015526 ,8.971074,23.53386903181672,87.33388868160546 ,41.363999176025395,81.31571381765342 ,0.0,17:44:04 pm,1663157644457
-1.1300632 ,2.1404164 ,9.947908,23.53386903181672,87.33388868160546 ,41.363999176025395,81.31571381765342 ,0.0,17:44:04 pm,1663157644461
-1.5131354 ,2.1978772 ,11.130644,23.53386903181672,87.33388868160546 ,41.363999176025395,81.31571381765342 ,0.0,17:44:04 pm,1663157644469
-1.5658079 ,2.15957 ,11.71004,23.53386903181672,87.33388868160546 ,41.363999176025395,81.31571381765342 ,0.0,17:44:04 pm,1663157644472
-1.3431472 ,2.207454 ,11.901577,23.53386903181672,87.33388868160546 ,41.363999176025395,81.31571381765342 ,0.0,17:44:04 pm,1663157644477
-1.0893618 ,2.219425 ,11.757924,23.53386903181672,87.33388868160546 ,41.363999176025395,81.31571381765342 ,0.0,17:44:04 pm,1663157644482
-0.6368576 ,2.1284454 ,11.552023,23.53386903181672,87.33388868160546 ,41.363999176025395,81.31571381765342 ,0.0,17:44:04 pm,1663157644487
0.0047884034 ,1.9680338 ,10.915166,23.53386903181672,87.33388868160546 ,41.363999176025395,81.31571381765342 ,0.0,17:44:04 pm,1663157644492
0.29448682 ,1.8770541 ,10.335769,23.53386903181672,87.33388868160546 ,41.363999176025395,81.31571381765342 ,0.0,17:44:04 pm,1663157644497
0.7493851 ,1.7070658 ,9.710882,23.53386903181672,87.33388868160546 ,41.363999176025395,81.31571381765342 ,0.0,17:44:04 pm,1663157644503
0.8475474 ,1.6448165 ,9.356541,23.53386903181672,87.33388868160546 ,41.363999176025395,81.31571381765342 ,0.0,17:44:04 pm,1663157644507
1.0247183 ,1.6304513 ,9.174581,23.53386903181672,87.33388868160546 ,41.363999176025395,81.31571381765342 ,0.0,17:44:04 pm,1663157644512
0.9504981 ,1.6519991 ,9.428367,23.53386903181672,87.33388868160546 ,41.363999176025395,81.31571381765342 ,0.0,17:44:04 pm,1663157644519
0.7589619 ,1.7525556 ,9.962274,23.53386903181672,87.33388868160546 ,41.363999176025395,81.31571381765342 ,0.0,17:44:04 pm,1663157644522
0.6631939 ,1.9847932 ,10.3453455,23.53386903181672,87.33388868160546 ,41.363999176025395,81.31571381765342 ,0.0,17:44:04 pm,1663157644527
0.641646 ,2.207454 ,10.479421,23.53386903181672,87.33388868160546 ,41.363999176025395,81.31571381765342 ,0.0,17:44:04 pm,1663157644532
0.6584055 ,2.4037786 ,10.134656,23.53386903181672,87.33388868160546 ,41.363999176025395,81.31571381765342 ,0.0,17:44:04 pm,1663157644539
0.62967503 ,2.6408045 ,10.113108,23.53386903181672,87.33388868160546 ,41.363999176025395,81.31571381765342 ,0.0,17:44:04 pm,1663157644542
0.7445967 ,2.755726 ,9.763555,23.53386903181672,87.33388868160546 ,41.363999176025395,81.31571381765342 ,0.0,17:44:04 pm,1663157644547
1.0510546 ,2.858677 ,9.035717,23.53386903181672,87.33388868160546 ,41.363999176025395,81.31571381765342 ,0.0,17:44:04 pm,1663157644553
1.4437037 ,2.9233203 ,8.183381,23.53386903181672,87.33388868160546 ,41.363999176025395,81.31571381765342 ,0.0,17:44:04 pm,1663157644557
1.8171991 ,2.7964275 ,7.4962454,23.53386903181672,87.33388868160546 ,41.363999176025395,81.31571381765342 ,0.0,17:44:04 pm,1663157644562
1.9871874 ,2.432509 ,7.1490865,23.53386903181672,87.33388868160546 ,41.363999176025395,81.31571381765342 ,0.0,17:44:04 pm,1663157644569
1.9440918 ,2.1667526 ,7.290344,23.53386903181672,87.33388868160546 ,41.363999176025395,81.31571381765342 ,0.0,17:44:04 pm,1663157644572
1.7836803 ,2.0326772 ,7.3885064,23.53386903181672,87.33388868160546 ,41.363999176025395,81.31571381765342 ,0.0,17:44:04 pm,1663157644577
1.400608 ,1.8243817 ,7.93199,23.53386903181672,87.33388868160546 ,41.363999176025395,81.31571381765342 ,0.0,17:44:04 pm,1663157644583
0.90261406 ,1.6519991 ,8.523358,23.53386903181672,87.33388868160546 ,41.363999176025395,81.31571381765342 ,0.0,17:44:04 pm,1663157644589
0.35194764 ,1.3910311 ,9.382876,23.53386903181672,87.33388868160546 ,41.363999176025395,81.31571381765342 ,0.0,17:44:04 pm,1663157644592
0.06943185 ,1.2497733 ,10.177752,23.53386903181672,87.33388868160546 ,41.363999176025395,81.31571381765342 ,0.0,17:44:04 pm,1663157644598
-0.10055647 ,1.0773908 ,10.352529,23.53386903181672,87.33388868160546 ,41.363999176025395,81.31571381765342 ,0.0,17:44:04 pm,1663157644606
-0.30166942 ,0.9840169 ,10.469844,23.53386903181672,87.33388868160546 ,41.363999176025395,81.31571381765342 ,0.0,17:44:04 pm,1663157644609
-0.46686932 ,0.8283938 ,10.5704,23.53386903181672,87.33388868160546 ,41.363999176025395,81.31571381765342 ,0.0,17:44:04 pm,1663157644612
-0.82121116 ,0.6631939 ,10.833763,23.53386903181672,87.33388868160546 ,41.363999176025395,81.31571381765342 ,0.0,17:44:04 pm,1663157644619
-0.9672575 ,0.58418524 ,10.426748,23.53386903181672,87.33388868160546 ,41.363999176025395,81.31571381765342 ,0.0,17:44:04 pm,1663157644622
-0.878672 ,0.58657944 ,9.940725,23.53386903181672,87.33388868160546 ,41.363999176025395,81.31571381765342 ,0.0,17:44:04 pm,1663157644628
-0.7206547 ,0.7254431 ,9.299079,23.53386903181672,87.33388868160546 ,41.363999176025395,81.31571381765342 ,0.0,17:44:04 pm,1663157644633
-0.56982 ,0.7230489 ,8.846576,23.53386903181672,87.33388868160546 ,41.363999176025395,81.31571381765342 ,0.0,17:44:04 pm,1663157644639
-0.49559975 ,0.6991069 ,8.39886,23.53386903181672,87.33388868160546 ,41.363999176025395,81.31571381765342 ,0.0,17:44:04 pm,1663157644643
-0.40701428 ,0.82121116 ,8.1402855,23.53386903181672,87.33388868160546 ,41.363999176025395,81.31571381765342 ,0.0,17:44:04 pm,1663157644648
-0.32800564 ,1.0127473 ,8.475474,23.53386903181672,87.33388868160546 ,41.363999176025395,81.31571381765342 ,0.0,17:44:04 pm,1663157644653
-0.23463176 ,1.2138603 ,8.468291,23.53386903181672,87.33388868160546 ,41.363999176025395,81.31571381765342 ,0.0,17:44:04 pm,1663157644658
-0.15322891 ,1.3551182 ,7.678205,23.53386903181672,87.33388868160546 ,41.363999176025395,81.31571381765342 ,0.0,17:44:04 pm,1663157644663
0.0023942017 ,1.484405 ,7.4866686,23.53386903181672,87.33388868160546 ,41.363999176025395,81.31571381765342 ,0.0,17:44:04 pm,1663157644669
0.18435353 ,1.4867992 ,7.1706343,23.53386903181672,87.33388868160546 ,41.363999176025395,81.31571381765342 ,0.0,17:44:04 pm,1663157644673
0.39264908 ,1.5562311 ,6.95755,23.53386903181672,87.33388868160546 ,41.363999176025395,81.31571381765342 ,0.0,17:44:04 pm,1663157644678
0.6584055 ,1.5370775 ,6.9767036,23.53386903181672,87.33388868160546 ,41.363999176025395,81.8219232174895 ,0.0,17:44:04 pm,1663157644686
0.61052144 ,1.4915876 ,7.201759,23.53386903181672,87.33388868160546 ,41.363999176025395,81.8219232174895 ,0.0,17:44:04 pm,1663157644689
0.48362875 ,1.4820108 ,7.9248075,23.53386903181672,87.33388868160546 ,41.363999176025395,81.8219232174895 ,0.0,17:44:04 pm,1663157644692
0.16759412 ,1.4221559 ,8.504205,23.53386903181672,87.33388868160546 ,41.363999176025395,81.8219232174895 ,0.0,17:44:04 pm,1663157644699
0.10295067 ,1.3694834 ,8.590396,23.53386903181672,87.33388868160546 ,41.363999176025395,81.8219232174895 ,0.0,17:44:04 pm,1663157644704
-0.1412579 ,1.3096284 ,9.093178,23.53386903181672,87.33388868160546 ,41.363999176025395,81.8219232174895 ,0.0,17:44:04 pm,1663157644708
-0.4165911 ,1.2689269 ,9.643845,23.53386903181672,87.33388868160546 ,41.363999176025395,81.8219232174895 ,0.0,17:44:04 pm,1663157644713
-0.40940848 ,1.163582 ,10.352529,23.53386903181672,87.33388868160546 ,41.363999176025395,81.8219232174895 ,0.0,17:44:04 pm,1663157644720
-0.25857377 ,1.103727 ,10.484209,23.53386903181672,87.33388868160546 ,41.363999176025395,81.8219232174895 ,0.0,17:44:04 pm,1663157644723
-0.30166942 ,1.0821792 ,10.280702,23.53386903181672,87.33388868160546 ,41.363999176025395,81.8219232174895 ,0.0,17:44:04 pm,1663157644728
-0.39983168 ,0.94331545 ,10.280702,23.53386903181672,87.33388868160546 ,41.363999176025395,81.8219232174895 ,0.0,17:44:04 pm,1663157644737
-0.33518824 ,0.7182605 ,10.584765,23.53386903181672,87.33388868160546 ,41.363999176025395,81.8219232174895 ,0.0,17:44:04 pm,1663157644740
-0.11731588 ,0.533907 ,10.18254,23.53386903181672,87.33388868160546 ,41.363999176025395,81.8219232174895 ,0.0,17:44:04 pm,1663157644743
-0.21308395 ,0.46447513 ,9.909601,23.53386903181672,87.33388868160546 ,41.363999176025395,81.8219232174895 ,0.0,17:44:04 pm,1663157644749
-0.5267244 ,0.35194764 ,10.218452,23.53386903181672,87.33388868160546 ,41.363999176025395,81.8219232174895 ,0.0,17:44:04 pm,1663157644755
-0.7493851 ,0.4165911 ,10.536881,23.53386903181672,87.33388868160546 ,41.363999176025395,81.8219232174895 ,0.0,17:44:04 pm,1663157644758
-0.7589619 ,0.47165772 ,10.907983,23.53386903181672,87.33388868160546 ,41.363999176025395,81.8219232174895 ,0.0,17:44:04 pm,1663157644763
-1.0247183 ,0.6392518 ,10.670957,23.53386903181672,87.33388868160546 ,41.363999176025395,81.8219232174895 ,0.0,17:44:04 pm,1663157644769
-1.3359646 ,0.7086837 ,10.3692875,23.53386903181672,87.33388868160546 ,41.363999176025395,81.8219232174895 ,0.0,17:44:04 pm,1663157644773
-1.3790601 ,0.82121116 ,10.28549,23.53386903181672,87.33388868160546 ,41.363999176025395,81.8219232174895 ,0.0,17:44:04 pm,1663157644778
-1.2617443 ,0.9624691 ,9.902418,23.53386903181672,87.33388868160546 ,41.363999176025395,81.8219232174895 ,0.0,17:44:04 pm,1663157644787
-1.0127473 ,1.0726024 ,9.378088,23.53386903181672,87.33388868160546 ,41.363999176025395,81.8219232174895 ,0.0,17:44:04 pm,1663157644789
-0.81402856 ,0.9744401 ,8.767567,23.53386903181672,87.33388868160546 ,41.363999176025395,81.8219232174895 ,0.0,17:44:04 pm,1663157644794
-0.7182605 ,0.8499416 ,8.889671,23.53386903181672,87.33388868160546 ,41.363999176025395,81.8219232174895 ,0.0,17:44:04 pm,1663157644798
-0.45729253 ,0.79726917 ,8.966286,23.53386903181672,87.33388868160546 ,41.363999176025395,81.8219232174895 ,0.0,17:44:04 pm,1663157644805
-0.18674773 ,0.866701 ,9.050082,23.53386903181672,87.33388868160546 ,41.363999176025395,81.8219232174895 ,0.0,17:44:04 pm,1663157644809
-0.22266077 ,0.81163436 ,9.01417,23.53386903181672,87.33388868160546 ,41.363999176025395,81.8219232174895 ,0.0,17:44:04 pm,1663157644813
-0.39983168 ,0.6679823 ,9.473856,23.53386903181672,87.33388868160546 ,41.363999176025395,81.8219232174895 ,0.0,17:44:04 pm,1663157644819
-0.5722142 ,0.5506664 ,10.055647,23.53386903181672,87.33388868160546 ,41.363999176025395,81.8219232174895 ,0.0,17:44:04 pm,1663157644824
-0.31124622 ,0.44532153 ,10.680533,23.53386903181672,87.33388868160546 ,41.363999176025395,81.8219232174895 ,0.0,17:44:04 pm,1663157644828
-0.12689269 ,0.25378537 ,10.905589,23.53386903181672,87.33388868160546 ,41.363999176025395,81.8219232174895 ,0.0,17:44:04 pm,1663157644836
-0.24181437 ,0.11731588 ,11.106702,23.53386903181672,87.33388868160546 ,41.363999176025395,81.8219232174895 ,0.0,17:44:04 pm,1663157644840
-0.36870706 ,-0.34237084 ,11.796232,23.53386903181672,87.33388868160546 ,41.363999176025395,81.8219232174895 ,0.0,17:44:04 pm,1663157644843
-0.20350714 ,-0.6919243 ,12.301409,23.53386903181672,87.33388868160546 ,41.363999176025395,81.8219232174895 ,0.0,17:44:04 pm,1663157644849
-0.14844051 ,-1.0103531 ,13.261483,23.53386903181672,87.33388868160546 ,41.363999176025395,81.8219232174895 ,0.0,17:44:04 pm,1663157644856
-0.31364042 ,-1.1827357 ,13.785813,23.53386903181672,87.33388868160546 ,41.363999176025395,81.8219232174895 ,0.0,17:44:04 pm,1663157644859
