x,y,z,latitude,longitude,speed,sound,light,time,timestamp
0.093373865 ,1.8100165 ,8.1402855,23.532694852910936,87.33202605508268 ,19.475999450683595,67.88678584369485 ,0.0,17:44:31 pm,1663157671003
0.22984336 ,1.7286136 ,7.690176,23.532694852910936,87.33202605508268 ,19.475999450683595,67.88678584369485 ,0.0,17:44:31 pm,1663157671009
0.19871874 ,1.6783354 ,7.410054,23.532694852910936,87.33202605508268 ,19.475999450683595,67.88678584369485 ,0.0,17:44:31 pm,1663157671015
-0.009576807 ,1.5849615 ,7.204153,23.532694852910936,87.33202605508268 ,19.475999450683595,67.88678584369485 ,0.0,17:44:31 pm,1663157671019
-0.2896984 ,1.4580688 ,7.2711906,23.532694852910936,87.33202605508268 ,19.475999450683595,67.88678584369485 ,0.0,17:44:31 pm,1663157671024
-0.51475334 ,1.3192052 ,7.66384,23.532694852910936,87.33202605508268 ,19.475999450683595,67.88678584369485 ,0.0,17:44:31 pm,1663157671031
-0.7350199 ,1.2066777 ,8.070854,23.532694852910936,87.33202605508268 ,19.475999450683595,67.88678584369485 ,0.0,17:44:31 pm,1663157671034
-0.94810385 ,1.115698 ,8.50181,23.532694852910936,87.33202605508268 ,19.475999450683595,67.88678584369485 ,0.0,17:44:31 pm,1663157671038
-1.1180922 ,1.0247183 ,8.985439,23.532694852910936,87.33202605508268 ,19.475999450683595,67.88678584369485 ,0.0,17:44:31 pm,1663157671043
-1.2138603 ,0.9744401 ,9.454702,23.532694852910936,87.33202605508268 ,19.475999450683595,67.88678584369485 ,0.0,17:44:31 pm,1663157671050
-1.2282255 ,0.90261406 ,9.854534,23.532694852910936,87.33202605508268 ,19.475999450683595,67.88678584369485 ,0.0,17:44:31 pm,1663157671053
-1.2354081 ,0.7661445 ,10.101137,23.532694852910936,87.33202605508268 ,19.475999450683595,67.88678584369485 ,0.0,17:44:31 pm,1663157671059
-1.2330139 ,0.6392518 ,10.299856,23.532694852910936,87.33202605508268 ,19.475999450683595,67.88678584369485 ,0.0,17:44:31 pm,1663157671065
-1.2330139 ,0.5315128 ,10.603919,23.532694852910936,87.33202605508268 ,19.475999450683595,67.88678584369485 ,0.0,17:44:31 pm,1663157671069
-1.0869676 ,0.33039984 ,10.821792,23.532694852910936,87.33202605508268 ,19.475999450683595,67.88678584369485 ,0.0,17:44:31 pm,1663157671073
-1.0390835 ,0.272939 ,10.936713,23.532694852910936,87.33202605508268 ,19.475999450683595,68.09916784202979 ,0.0,17:44:31 pm,1663157671082
-1.1731589 ,0.39743748 ,10.941502,23.532694852910936,87.33202605508268 ,19.475999450683595,68.09916784202979 ,0.0,17:44:31 pm,1663157671084
-1.2976574 ,0.51714754 ,10.848128,23.532694852910936,87.33202605508268 ,19.475999450683595,68.09916784202979 ,0.0,17:44:31 pm,1663157671088
-1.3335704 ,0.6536171 ,10.589554,23.532694852910936,87.33202605508268 ,19.475999450683595,68.09916784202979 ,0.0,17:44:31 pm,1663157671094
-1.3024458 ,0.78769237 ,10.0987425,23.532694852910936,87.33202605508268 ,19.475999450683595,68.09916784202979 ,0.0,17:44:31 pm,1663157671100
-1.283292 ,0.91219085 ,9.428367,23.532694852910936,87.33202605508268 ,19.475999450683595,68.09916784202979 ,0.0,17:44:31 pm,1663157671104
-1.1540052 ,1.127669 ,8.918402,23.532694852910936,87.33202605508268 ,19.475999450683595,68.09916784202979 ,0.0,17:44:31 pm,1663157671109
-1.0726024 ,1.283292 ,8.331821,23.532694852910936,87.33202605508268 ,19.475999450683595,68.09916784202979 ,0.0,17:44:31 pm,1663157671115
-0.90500826 ,1.5251064 ,7.644686,23.532694852910936,87.33202605508268 ,19.475999450683595,68.09916784202979 ,0.0,17:44:31 pm,1663157671120
-0.80205756 ,1.6950948 ,7.1826053,23.532694852910936,87.33202605508268 ,19.475999450683595,68.09916784202979 ,0.0,17:44:31 pm,1663157671124
-0.7326257 ,1.8339585 ,6.715736,23.532694852910936,87.33202605508268 ,19.475999450683595,68.09916784202979 ,0.0,17:44:31 pm,1663157671132
-0.51714754 ,2.0135236 ,6.4068837,23.532694852910936,87.33202605508268 ,19.475999450683595,68.09916784202979 ,0.0,17:44:31 pm,1663157671135
-0.35194764 ,2.066196 ,6.2943563,23.532694852910936,87.33202605508268 ,19.475999450683595,68.09916784202979 ,0.0,17:44:31 pm,1663157671139
-0.1604115 ,2.1547816 ,6.31351,23.532694852910936,87.33202605508268 ,19.475999450683595,68.09916784202979 ,0.0,17:44:31 pm,1663157671144
-0.08140286 ,2.1978772 ,6.4858923,23.532694852910936,87.33202605508268 ,19.475999450683595,68.09916784202979 ,0.0,17:44:31 pm,1663157671150
-0.110133275 ,2.1523874 ,6.9599442,23.532694852910936,87.33202605508268 ,19.475999450683595,68.09916784202979 ,0.0,17:44:31 pm,1663157671154
-0.23223756 ,2.0087352 ,7.419631,23.532694852910936,87.33202605508268 ,19.475999450683595,68.09916784202979 ,0.0,17:44:31 pm,1663157671160
-0.40222588 ,1.8890251 ,8.087613,23.532694852910936,87.33202605508268 ,19.475999450683595,68.09916784202979 ,0.0,17:44:31 pm,1663157671166
-0.6775591 ,1.8602947 ,9.016563,23.532694852910936,87.33202605508268 ,19.475999450683595,68.09916784202979 ,0.0,17:44:31 pm,1663157671169
-0.8882488 ,1.8794483 ,9.871294,23.532694852910936,87.33202605508268 ,19.475999450683595,68.09916784202979 ,0.0,17:44:31 pm,1663157671174
-1.0726024 ,1.9656396 ,10.69011,23.532694852910936,87.33202605508268 ,19.475999450683595,68.09916784202979 ,0.0,17:44:31 pm,1663157671182
-1.2282255 ,2.0350714 ,11.135432,23.532694852910936,87.33202605508268 ,19.475999450683595,68.09916784202979 ,0.0,17:44:31 pm,1663157671185
-1.2545617 ,2.0829554 ,11.240777,23.532694852910936,87.33202605508268 ,19.475999450683595,68.09916784202979 ,0.0,17:44:31 pm,1663157671189
-1.2258313 ,2.0829554 ,10.905589,23.532694852910936,87.33202605508268 ,19.475999450683595,68.09916784202979 ,0.0,17:44:31 pm,1663157671195
-1.0893618 ,2.0254946 ,10.409989,23.532694852910936,87.33202605508268 ,19.475999450683595,68.09916784202979 ,0.0,17:44:31 pm,1663157671200
-0.8523358 ,1.9632454 ,9.6845455,23.532694852910936,87.33202605508268 ,19.475999450683595,68.09916784202979 ,0.0,17:44:31 pm,1663157671205
-0.56982 ,1.8148049 ,9.150639,23.532694852910936,87.33202605508268 ,19.475999450683595,68.09916784202979 ,0.0,17:44:31 pm,1663157671209
-0.40701428 ,1.7046716 ,8.710106,23.532694852910936,87.33202605508268 ,19.475999450683595,68.09916784202979 ,0.0,17:44:31 pm,1663157671216
-0.29209262 ,1.6448165 ,8.422802,23.532694852910936,87.33202605508268 ,19.475999450683595,68.09916784202979 ,0.0,17:44:31 pm,1663157671219
-0.37349546 ,1.6160861 ,8.374918,23.532694852910936,87.33202605508268 ,19.475999450683595,68.09916784202979 ,0.0,17:44:31 pm,1663157671224
-0.533907 ,1.6136919 ,8.535329,23.532694852910936,87.33202605508268 ,19.475999450683595,68.09916784202979 ,0.0,17:44:31 pm,1663157671232
-0.79248077 ,1.6160861 ,8.767567,23.532694852910936,87.33202605508268 ,19.475999450683595,68.09916784202979 ,0.0,17:44:31 pm,1663157671235
-0.9864111 ,1.6041151 ,9.167398,23.532694852910936,87.33202605508268 ,19.475999450683595,68.09916784202979 ,0.0,17:44:31 pm,1663157671240
-1.151611 ,1.6041151 ,9.617508,23.532694852910936,87.33202605508268 ,19.475999450683595,68.09916784202979 ,0.0,17:44:31 pm,1663157671248
-1.2066777 ,1.6208745 ,9.864111,23.532694852910936,87.33202605508268 ,19.475999450683595,68.09916784202979 ,0.0,17:44:31 pm,1663157671251
-1.2473791 ,1.6424223 ,10.06283,23.532694852910936,87.33202605508268 ,19.475999450683595,68.09916784202979 ,0.0,17:44:31 pm,1663157671254
-1.1731589 ,1.6376339 ,10.19451,23.532694852910936,87.33202605508268 ,19.475999450683595,68.09916784202979 ,0.0,17:44:31 pm,1663157671260
-1.0007763 ,1.6400281 ,10.309433,23.532694852910936,87.33202605508268 ,19.475999450683595,68.09916784202979 ,0.0,17:44:31 pm,1663157671266
-0.80445176 ,1.6328455 ,10.395624,23.532694852910936,87.33202605508268 ,19.475999450683595,68.09916784202979 ,0.0,17:44:31 pm,1663157671270
-0.6631939 ,1.5777789 ,10.350134,23.532694852910936,87.33202605508268 ,19.475999450683595,68.09916784202979 ,0.0,17:44:31 pm,1663157671275
-0.5363012 ,1.508347 ,10.261548,23.532694852910936,87.33202605508268 ,19.475999450683595,68.09916784202979 ,0.0,17:44:31 pm,1663157671282
-0.33997664 ,1.3934253 ,10.366894,23.532694852910936,87.33202605508268 ,19.475999450683595,68.09916784202979 ,0.0,17:44:31 pm,1663157671285
-0.2681506 ,1.3383588 ,10.484209,23.532694852910936,87.33202605508268 ,19.475999450683595,68.09916784202979 ,0.0,17:44:31 pm,1663157671291
-0.33758244 ,1.340753 ,10.702082,23.532694852910936,87.33202605508268 ,19.475999450683595,68.09916784202979 ,0.0,17:44:31 pm,1663157671295
-0.50278234 ,1.3982137 ,10.836157,23.532694852910936,87.33202605508268 ,19.475999450683595,68.09916784202979 ,0.0,17:44:31 pm,1663157671301
-0.6895301 ,1.4772224 ,10.924743,23.532694852910936,87.33202605508268 ,19.475999450683595,68.09916784202979 ,0.0,17:44:31 pm,1663157671305
-0.82121116 ,1.553837 ,10.922348,23.532694852910936,87.33202605508268 ,19.475999450683595,68.09916784202979 ,0.0,17:44:31 pm,1663157671310
-0.8834604 ,1.6376339 ,10.702082,23.532694852910936,87.33202605508268 ,19.475999450683595,68.09916784202979 ,0.0,17:44:31 pm,1663157671316
-0.8379706 ,1.7501614 ,10.237606,23.532694852910936,87.33202605508268 ,19.475999450683595,68.09916784202979 ,0.0,17:44:31 pm,1663157671321
-0.6967127 ,1.8339585 ,9.679757,23.532694852910936,87.33202605508268 ,19.475999450683595,68.09916784202979 ,0.0,17:44:31 pm,1663157671326
-0.47165772 ,1.9033904 ,8.836999,23.532694852910936,87.33202605508268 ,19.475999450683595,68.09916784202979 ,0.0,17:44:31 pm,1663157671332
-0.20829555 ,1.8770541 ,8.298303,23.532694852910936,87.33202605508268 ,19.475999450683595,68.09916784202979 ,0.0,17:44:31 pm,1663157671336
-0.055066638 ,1.8243817 ,8.025364,23.532694852910936,87.33202605508268 ,19.475999450683595,68.09916784202979 ,0.0,17:44:31 pm,1663157671340
0.1436521 ,1.7669208 ,7.869741,23.532694852910936,87.33202605508268 ,19.475999450683595,68.09916784202979 ,0.0,17:44:31 pm,1663157671348
0.1364695 ,1.7812861 ,7.9104424,23.532694852910936,87.33202605508268 ,19.475999450683595,68.09916784202979 ,0.0,17:44:31 pm,1663157671351
0.019153614 ,1.7932571 ,8.180987,23.532694852910936,87.33202605508268 ,19.475999450683595,68.09916784202979 ,0.0,17:44:31 pm,1663157671355
-0.22744916 ,1.8076223 ,8.37013,23.532694852910936,87.33202605508268 ,19.475999450683595,68.09916784202979 ,0.0,17:44:31 pm,1663157671360
-0.35913026 ,1.7980455 ,8.6574335,23.532694852910936,87.33202605508268 ,19.475999450683595,68.09916784202979 ,0.0,17:44:31 pm,1663157671366
-0.49320555 ,1.7405846 ,8.887277,23.532694852910936,87.33202605508268 ,19.475999450683595,68.09916784202979 ,0.0,17:44:31 pm,1663157671370
-0.557849 ,1.6328455 ,9.074024,23.532694852910936,87.33202605508268 ,19.475999450683595,68.09916784202979 ,0.0,17:44:31 pm,1663157671376
-0.50996494 ,1.5275006 ,9.334992,23.532694852910936,87.33202605508268 ,19.475999450683595,68.09916784202979 ,0.0,17:44:31 pm,1663157671381
-0.3878607 ,1.4269443 ,9.516952,23.532694852910936,87.33202605508268 ,19.475999450683595,68.09916784202979 ,0.0,17:44:31 pm,1663157671385
-0.22266077 ,1.3335704 ,9.679757,23.532694852910936,87.33202605508268 ,19.475999450683595,68.09916784202979 ,0.0,17:44:31 pm,1663157671390
-0.055066638 ,1.0773908 ,9.909601,23.532694852910936,87.33202605508268 ,19.475999450683595,68.09916784202979 ,0.0,17:44:31 pm,1663157671398
0.05746084 ,0.830788 ,10.204087,23.532694852910936,87.33202605508268 ,19.475999450683595,68.09916784202979 ,0.0,17:44:31 pm,1663157671400
0.095768064 ,0.61052144 ,10.670957,23.532694852910936,87.33202605508268 ,19.475999450683595,68.09916784202979 ,0.0,17:44:31 pm,1663157671405
-0.088585466 ,0.4189853 ,11.195287,23.532694852910936,87.33202605508268 ,19.475999450683595,68.09916784202979 ,0.0,17:44:31 pm,1663157671411
-0.36152446 ,0.3854665 ,11.719617,23.532694852910936,87.33202605508268 ,19.475999450683595,68.09916784202979 ,0.0,17:44:31 pm,1663157671416
-0.6679823 ,0.4261679 ,12.380417,23.532694852910936,87.33202605508268 ,19.475999450683595,68.09916784202979 ,0.0,17:44:31 pm,1663157671421
-0.866701 ,0.48602295 ,12.9167185,23.532694852910936,87.33202605508268 ,19.475999450683595,68.09916784202979 ,0.0,17:44:31 pm,1663157671425
-1.0103531 ,0.56982 ,13.354857,23.532694852910936,87.33202605508268 ,19.475999450683595,68.09916784202979 ,0.0,17:44:31 pm,1663157671432
-1.1204864 ,0.7110779 ,13.484144,23.532694852910936,87.33202605508268 ,19.475999450683595,68.09916784202979 ,0.0,17:44:31 pm,1663157671436
-1.1252748 ,0.8714894 ,13.39077,23.532694852910936,87.33202605508268 ,19.475999450683595,68.09916784202979 ,0.0,17:44:31 pm,1663157671441
-0.8858546 ,1.1611878 ,12.981361,23.532694852910936,87.33202605508268 ,19.475999450683595,68.09916784202979 ,0.0,17:44:31 pm,1663157671448
-0.5602432 ,1.4413095 ,12.380417,23.532694852910936,87.33202605508268 ,19.475999450683595,68.09916784202979 ,0.0,17:44:31 pm,1663157671451
-0.19393034 ,1.7357962 ,11.259931,23.532694852910936,87.33202605508268 ,19.475999450683595,68.09916784202979 ,0.0,17:44:31 pm,1663157671456
0.18435353 ,2.0278888 ,10.259154,23.532694852910936,87.33202605508268 ,19.475999450683595,68.09916784202979 ,0.0,17:44:31 pm,1663157671461
0.45250413 ,2.243367 ,9.255983,23.532694852910936,87.33202605508268 ,19.475999450683595,68.09916784202979 ,0.0,17:44:31 pm,1663157671467
0.6967127 ,2.4827871 ,8.087613,23.532694852910936,87.33202605508268 ,19.475999450683595,68.09916784202979 ,0.0,17:44:31 pm,1663157671471
1.0247183 ,2.552219 ,7.0485296,23.532694852910936,87.33202605508268 ,19.475999450683595,68.09916784202979 ,0.0,17:44:31 pm,1663157671476
1.2785037 ,2.5953147 ,6.0046577,23.532694852910936,87.33202605508268 ,19.475999450683595,68.09916784202979 ,0.0,17:44:31 pm,1663157671482
1.5035586 ,2.645593 ,5.4061074,23.532694852910936,87.33202605508268 ,19.475999450683595,68.09916784202979 ,0.0,17:44:31 pm,1663157671486
1.7286136 ,2.6862943 ,4.9943047,23.532694852910936,87.33202605508268 ,19.475999450683595,68.09916784202979 ,0.0,17:44:31 pm,1663157671491
1.8698715 ,2.633622 ,4.936844,23.532694852910936,87.33202605508268 ,19.475999450683595,68.09916784202979 ,0.0,17:44:31 pm,1663157671498
1.8124107 ,2.5378537 ,5.3606176,23.532694852910936,87.33202605508268 ,19.475999450683595,68.09916784202979 ,0.0,17:44:31 pm,1663157671501
