x,y,z,latitude,longitude,speed,sound,light,time,timestamp
0.521936 ,1.13964 ,9.923966,23.533313646912575,87.33311645686626 ,46.25999794006348,84.36730654742107 ,0.0,17:44:12 pm,1663157652404
2.1021092 ,2.135628 ,10.553641,23.533313646912575,87.33311645686626 ,46.25999794006348,84.36730654742107 ,0.0,17:44:12 pm,1663157652412
2.861071 ,2.6144683 ,11.326968,23.533313646912575,87.33311645686626 ,46.25999794006348,84.36730654742107 ,0.0,17:44:12 pm,1663157652414
2.992752 ,2.7030537 ,12.301409,23.533313646912575,87.33311645686626 ,46.25999794006348,84.36730654742107 ,0.0,17:44:12 pm,1663157652419
2.5234885 ,2.6048915 ,11.779472,23.533313646912575,87.33311645686626 ,46.25999794006348,84.36730654742107 ,0.0,17:44:12 pm,1663157652424
1.6519991 ,2.4109612 ,10.912771,23.533313646912575,87.33311645686626 ,46.25999794006348,84.36730654742107 ,0.0,17:44:12 pm,1663157652430
0.19393034 ,1.6017209 ,11.133038,23.533313646912575,87.33311645686626 ,46.25999794006348,84.36730654742107 ,0.0,17:44:12 pm,1663157652435
-1.3455414 ,0.7661445 ,11.765107,23.533313646912575,87.33311645686626 ,46.25999794006348,84.36730654742107 ,0.0,17:44:12 pm,1663157652439
-3.2393548 ,-0.019153614 ,11.556811,23.533313646912575,87.33311645686626 ,46.25999794006348,84.36730654742107 ,0.0,17:44:12 pm,1663157652445
-4.27365 ,-0.29209262 ,10.546458,23.533313646912575,87.33311645686626 ,46.25999794006348,84.36730654742107 ,0.0,17:44:12 pm,1663157652449
-4.7429137 ,-0.35673606 ,9.200917,23.533313646912575,87.33311645686626 ,46.25999794006348,84.36730654742107 ,0.0,17:44:12 pm,1663157652454
-4.757279 ,-0.2753332 ,7.654263,23.533313646912575,87.33311645686626 ,46.25999794006348,84.36730654742107 ,0.0,17:44:12 pm,1663157652461
-4.548983 ,-0.1388637 ,6.8761473,23.533313646912575,87.33311645686626 ,46.25999794006348,84.36730654742107 ,0.0,17:44:12 pm,1663157652464
-3.9911342 ,0.08619126 ,6.1938,23.533313646912575,87.33311645686626 ,46.25999794006348,84.36730654742107 ,0.0,17:44:12 pm,1663157652469
-3.0813377 ,0.36391866 ,5.707777,23.533313646912575,87.33311645686626 ,46.25999794006348,84.36730654742107 ,0.0,17:44:12 pm,1663157652475
-2.0590134 ,0.7374141 ,5.482722,23.533313646912575,87.33311645686626 ,46.25999794006348,84.36730654742107 ,0.0,17:44:12 pm,1663157652480
-0.7469909 ,1.2761095 ,5.7125654,23.533313646912575,87.33311645686626 ,46.25999794006348,84.36730654742107 ,0.0,17:44:12 pm,1663157652485
0.7134721 ,1.6352397 ,6.2632318,23.533313646912575,87.33311645686626 ,46.25999794006348,84.36730654742107 ,0.0,17:44:12 pm,1663157652489
2.5378537 ,2.0039468 ,6.8091097,23.533313646912575,87.33311645686626 ,46.25999794006348,84.36730654742107 ,0.0,17:44:12 pm,1663157652496
3.7612908 ,2.111686 ,7.1395097,23.533313646912575,87.33311645686626 ,46.25999794006348,84.36730654742107 ,0.0,17:44:12 pm,1663157652500
4.5633483 ,1.9847932 ,8.039729,23.533313646912575,87.33311645686626 ,46.25999794006348,84.36730654742107 ,0.0,17:44:12 pm,1663157652505
4.7644615 ,1.5634137 ,10.232818,23.533313646912575,87.33311645686626 ,46.25999794006348,84.36730654742107 ,0.0,17:44:12 pm,1663157652512
4.197036 ,0.9624691 ,12.061988,23.533313646912575,87.33311645686626 ,46.25999794006348,84.36730654742107 ,0.0,17:44:12 pm,1663157652515
2.9616275 ,0.31124622 ,12.950237,23.533313646912575,87.33311645686626 ,46.25999794006348,84.36730654742107 ,0.0,17:44:12 pm,1663157652519
1.7046716 ,-0.016759412 ,12.538434,23.533313646912575,87.33311645686626 ,46.25999794006348,84.36730654742107 ,0.0,17:44:12 pm,1663157652524
0.5793968 ,-0.2873042 ,12.138602,23.533313646912575,87.33311645686626 ,46.25999794006348,84.36730654742107 ,0.0,17:44:12 pm,1663157652530
-0.41180268 ,-0.58897364 ,12.093113,23.533313646912575,87.33311645686626 ,46.25999794006348,84.36730654742107 ,0.0,17:44:12 pm,1663157652534
-1.055843 ,-0.7493851 ,12.13142,23.533313646912575,87.33311645686626 ,46.25999794006348,84.36730654742107 ,0.0,17:44:12 pm,1663157652539
-1.4269443 ,-0.79008657 ,12.394782,23.533313646912575,87.33311645686626 ,46.25999794006348,84.36730654742107 ,0.0,17:44:12 pm,1663157652546
-1.6256629 ,-0.7757214 ,12.758701,23.533313646912575,87.33311645686626 ,46.25999794006348,84.36730654742107 ,0.0,17:44:12 pm,1663157652549
-1.8579005 ,-0.8331822 ,13.2351465,23.533313646912575,87.33311645686626 ,46.25999794006348,84.36730654742107 ,0.0,17:44:12 pm,1663157652555
-2.0015526 ,-0.93852705 ,13.670892,23.533313646912575,87.33311645686626 ,46.25999794006348,84.36730654742107 ,0.0,17:44:12 pm,1663157652561
-2.054225 ,-0.90740246 ,13.618219,23.533313646912575,87.33311645686626 ,46.25999794006348,84.36730654742107 ,0.0,17:44:12 pm,1663157652565
-2.336741 ,-0.9864111 ,13.141773,23.533313646912575,87.33311645686626 ,46.25999794006348,84.36730654742107 ,0.0,17:44:12 pm,1663157652570
-2.4229321 ,-0.9911995 ,12.263102,23.533313646912575,87.33311645686626 ,46.25999794006348,84.36730654742107 ,0.0,17:44:12 pm,1663157652575
-2.3319526 ,-0.8595184 ,11.061212,23.533313646912575,87.33311645686626 ,46.25999794006348,84.36730654742107 ,0.0,17:44:12 pm,1663157652581
-1.8004397 ,-0.48602295 ,9.471462,23.533313646912575,87.33311645686626 ,46.25999794006348,84.36730654742107 ,0.0,17:44:12 pm,1663157652585
-1.2042835 ,-0.050278235 ,8.274361,23.533313646912575,87.33311645686626 ,46.25999794006348,84.36730654742107 ,0.0,17:44:12 pm,1663157652590
-0.22266077 ,0.7206547 ,6.777985,23.533313646912575,87.33311645686626 ,46.25999794006348,84.36730654742107 ,0.0,17:44:12 pm,1663157652596
0.6655881 ,1.4269443 ,5.7389016,23.533313646912575,87.33311645686626 ,46.25999794006348,84.36730654742107 ,0.0,17:44:12 pm,1663157652601
1.484405 ,2.1332338 ,5.1475334,23.533313646912575,87.33311645686626 ,46.25999794006348,84.36730654742107 ,0.0,17:44:12 pm,1663157652605
2.3104045 ,3.016694 ,4.5082817,23.533313646912575,87.33311645686626 ,46.25999794006348,84.36730654742107 ,0.0,17:44:12 pm,1663157652612
2.767697 ,3.5649664 ,4.522647,23.533313646912575,87.33311645686626 ,46.25999794006348,84.36730654742107 ,0.0,17:44:12 pm,1663157652615
3.086126 ,3.8594532 ,6.3182983,23.533313646912575,87.33311645686626 ,46.25999794006348,84.36730654742107 ,0.0,17:44:12 pm,1663157652620
3.0454245 ,3.8738184 ,8.063671,23.533313646912575,87.33311645686626 ,46.25999794006348,84.36730654742107 ,0.0,17:44:12 pm,1663157652628
2.731784 ,3.6966474 ,9.062054,23.533313646912575,87.33311645686626 ,46.25999794006348,84.36730654742107 ,0.0,17:44:12 pm,1663157652631
1.9632454 ,2.8754363 ,10.333375,23.533313646912575,87.33311645686626 ,46.25999794006348,84.36730654742107 ,0.0,17:44:12 pm,1663157652636
1.0510546 ,2.1045034 ,10.304645,23.533313646912575,87.33311645686626 ,46.25999794006348,84.36730654742107 ,0.0,17:44:12 pm,1663157652640
0.107739076 ,1.400608 ,8.372523,23.533313646912575,87.33311645686626 ,46.25999794006348,84.36730654742107 ,0.0,17:44:12 pm,1663157652646
-0.6751649 ,0.79008657 ,7.2831616,23.533313646912575,87.33311645686626 ,46.25999794006348,84.36730654742107 ,0.0,17:44:12 pm,1663157652650
-1.6352397 ,0.1388637 ,6.9288197,23.533313646912575,87.33311645686626 ,46.25999794006348,84.36730654742107 ,0.0,17:44:12 pm,1663157652655
-2.8562827 ,-0.6895301 ,6.945579,23.533313646912575,87.33311645686626 ,46.25999794006348,84.36730654742107 ,0.0,17:44:12 pm,1663157652661
-3.442862 ,-1.1683705 ,6.969521,23.533313646912575,87.33311645686626 ,46.25999794006348,84.36730654742107 ,0.0,17:44:12 pm,1663157652665
-3.7972038 ,-1.5131354 ,7.4842744,23.533313646912575,87.33311645686626 ,46.25999794006348,84.36730654742107 ,0.0,17:44:12 pm,1663157652670
-3.6224272 ,-1.5729905 ,7.8888946,23.533313646912575,87.33311645686626 ,46.25999794006348,84.36730654742107 ,0.0,17:44:12 pm,1663157652678
-2.9352913 ,-1.388637 ,8.080431,23.533313646912575,87.33311645686626 ,46.25999794006348,84.36730654742107 ,0.0,17:44:12 pm,1663157652681
-1.2689269 ,-0.79248077 ,8.355764,23.533313646912575,87.33311645686626 ,46.25999794006348,84.36730654742107 ,0.0,17:44:12 pm,1663157652685
0.2681506 ,-0.33279404 ,9.67018,23.533313646912575,87.33311645686626 ,46.25999794006348,84.36730654742107 ,0.0,17:44:12 pm,1663157652690
1.4077905 ,-0.031124622 ,11.906365,23.533313646912575,87.33311645686626 ,46.25999794006348,84.36730654742107 ,0.0,17:44:12 pm,1663157652696
2.2529438 ,0.40701428 ,12.902353,23.533313646912575,87.33311645686626 ,46.25999794006348,84.36730654742107 ,0.0,17:44:12 pm,1663157652701
2.7964275 ,0.7422025 ,13.345281,23.533313646912575,87.33311645686626 ,46.25999794006348,84.36730654742107 ,0.0,17:44:12 pm,1663157652705
3.3063924 ,0.9935937 ,13.781025,23.533313646912575,87.33311645686626 ,46.25999794006348,84.36730654742107 ,0.0,17:44:12 pm,1663157652711
3.311181 ,0.9624691 ,14.267048,23.533313646912575,87.33311645686626 ,46.25999794006348,84.36730654742107 ,0.0,17:44:12 pm,1663157652715
3.1196449 ,0.8283938 ,14.822503,23.533313646912575,87.33311645686626 ,46.25999794006348,84.36730654742107 ,0.0,17:44:12 pm,1663157652720
2.6168625 ,0.5674258 ,14.721947,23.533313646912575,87.33311645686626 ,46.25999794006348,84.36730654742107 ,0.0,17:44:12 pm,1663157652728
2.1092918 ,0.34476504 ,14.446613,23.533313646912575,87.33311645686626 ,46.25999794006348,84.36730654742107 ,0.0,17:44:12 pm,1663157652731
1.5107412 ,-0.1388637 ,13.788208,23.533313646912575,87.33311645686626 ,46.25999794006348,84.36730654742107 ,0.0,17:44:12 pm,1663157652736
1.0079589 ,-0.5243302 ,13.2351465,23.533313646912575,87.33311645686626 ,46.25999794006348,84.36730654742107 ,0.0,17:44:12 pm,1663157652740
0.50517654 ,-0.92176765 ,12.631808,23.533313646912575,87.33311645686626 ,46.25999794006348,84.36730654742107 ,0.0,17:44:12 pm,1663157652747
-0.17238252 ,-1.388637 ,11.908759,23.533313646912575,87.33311645686626 ,46.25999794006348,84.36730654742107 ,0.0,17:44:12 pm,1663157652751
-0.7062895 ,-1.6783354 ,10.979809,23.533313646912575,87.33311645686626 ,46.25999794006348,84.36730654742107 ,0.0,17:44:12 pm,1663157652756
-1.3934253 ,-1.8794483 ,9.832987,23.533313646912575,87.33311645686626 ,46.25999794006348,84.36730654742107 ,0.0,17:44:12 pm,1663157652762
-1.8195933 ,-1.982399 ,9.141062,23.533313646912575,87.33311645686626 ,46.25999794006348,84.36730654742107 ,0.0,17:44:12 pm,1663157652765
-2.0470424 ,-1.9991584 ,8.030152,23.533313646912575,87.33311645686626 ,46.25999794006348,84.36730654742107 ,0.0,17:44:12 pm,1663157652771
-2.0805612 ,-1.7645266 ,7.086837,23.533313646912575,87.33311645686626 ,46.25999794006348,84.36730654742107 ,0.0,17:44:12 pm,1663157652779
-1.8602947 ,-1.4030021 ,6.435614,23.533313646912575,87.33311645686626 ,46.25999794006348,84.36730654742107 ,0.0,17:44:12 pm,1663157652781
-1.1731589 ,-0.8619126 ,6.0836663,23.533313646912575,87.33311645686626 ,46.25999794006348,84.36730654742107 ,0.0,17:44:12 pm,1663157652785
-0.32561144 ,-0.37588966 ,5.8322754,23.533313646912575,87.33311645686626 ,46.25999794006348,84.36730654742107 ,0.0,17:44:12 pm,1663157652791
0.50996494 ,0.11731588 ,5.805939,23.533313646912575,87.33311645686626 ,46.25999794006348,84.36730654742107 ,0.0,17:44:12 pm,1663157652797
1.7645266 ,0.7493851 ,6.26802,23.533313646912575,87.33311645686626 ,46.25999794006348,84.36730654742107 ,0.0,17:44:12 pm,1663157652801
2.9783869 ,1.2354081 ,6.7827735,23.533313646912575,87.33311645686626 ,46.25999794006348,84.36730654742107 ,0.0,17:44:12 pm,1663157652806
4.4220905 ,1.6567876 ,7.2209125,23.533313646912575,87.33311645686626 ,46.25999794006348,84.36730654742107 ,0.0,17:44:12 pm,1663157652812
5.195418 ,1.745373 ,7.3885064,23.533313646912575,87.33311645686626 ,46.25999794006348,84.36730654742107 ,0.0,17:44:12 pm,1663157652815
5.5138464 ,1.673547 ,7.515399,23.533313646912575,87.33311645686626 ,46.25999794006348,84.36730654742107 ,0.0,17:44:12 pm,1663157652822
5.109226 ,1.4101849 ,7.3669586,23.533313646912575,87.33311645686626 ,46.25999794006348,84.36730654742107 ,0.0,17:44:12 pm,1663157652828
4.3766007 ,1.1444284 ,7.21373,23.533313646912575,87.33311645686626 ,46.25999794006348,84.36730654742107 ,0.0,17:44:12 pm,1663157652832
3.347094 ,0.7134721 ,7.2328835,23.533313646912575,87.33311645686626 ,46.25999794006348,84.36730654742107 ,0.0,17:44:12 pm,1663157652837
2.6551697 ,0.40701428 ,7.314286,23.533313646912575,87.33311645686626 ,46.25999794006348,81.78824623077375 ,0.0,17:44:12 pm,1663157652841
1.9536686 ,0.2873042 ,7.4004774,23.533313646912575,87.33311645686626 ,46.25999794006348,81.78824623077375 ,0.0,17:44:12 pm,1663157652847
1.2545617 ,0.23942018 ,7.714118,23.533313646912575,87.33311645686626 ,46.25999794006348,81.78824623077375 ,0.0,17:44:12 pm,1663157652852
0.82121116 ,0.17238252 ,8.288726,23.533313646912575,87.33311645686626 ,46.25999794006348,81.78824623077375 ,0.0,17:44:12 pm,1663157652857
0.533907 ,0.28491 ,9.382876,23.533313646912575,87.33311645686626 ,46.25999794006348,81.78824623077375 ,0.0,17:44:12 pm,1663157652864
0.30406362 ,0.41180268 ,9.878476,23.533313646912575,87.33311645686626 ,46.25999794006348,81.78824623077375 ,0.0,17:44:12 pm,1663157652866
0.016759412 ,0.45250413 ,10.323798,23.533313646912575,87.33311645686626 ,46.25999794006348,81.78824623077375 ,0.0,17:44:12 pm,1663157652872
-0.47644615 ,0.37828386 ,11.370064,23.533313646912575,87.33311645686626 ,46.25999794006348,81.78824623077375 ,0.0,17:44:12 pm,1663157652878
-1.0295067 ,0.21547815 ,12.1840925,23.533313646912575,87.33311645686626 ,46.25999794006348,81.78824623077375 ,0.0,17:44:12 pm,1663157652884
-1.9129672 ,0.04309563 ,13.06037,23.533313646912575,87.33311645686626 ,46.25999794006348,81.78824623077375 ,0.0,17:44:12 pm,1663157652887
-2.6001031 ,-0.055066638 ,13.029245,23.533313646912575,87.33311645686626 ,46.25999794006348,81.78824623077375 ,0.0,17:44:12 pm,1663157652894
-3.1507695 ,-0.023942016 ,11.992557,23.533313646912575,87.33311645686626 ,46.25999794006348,81.78824623077375 ,0.0,17:44:12 pm,1663157652896
-3.5745432 ,0.062249243 ,10.455479,23.533250782638788,87.33301620930433 ,41.18399848937988,81.78824623077375 ,0.0,17:44:12 pm,1663157652901
