x,y,z,latitude,longitude,speed,sound,light,time,timestamp
-2.4612393 ,3.9600096 ,10.079589,23.543028691783547,87.32416550628841 ,60.40799560546875,83.85789009737941 ,0.0,18:25:38 pm,1663678538321
-2.56419 ,3.8714242 ,9.543288,23.543028691783547,87.32416550628841 ,60.40799560546875,83.85789009737941 ,0.0,18:25:38 pm,1663678538327
-2.9472623 ,3.7014358 ,8.746018,23.543028691783547,87.32416550628841 ,60.40799560546875,83.85789009737941 ,0.0,18:25:38 pm,1663678538333
-3.5075054 ,3.5003228 ,8.082825,23.543028691783547,87.32416550628841 ,60.40799560546875,83.85789009737941 ,0.0,18:25:38 pm,1663678538336
-4.0653543 ,3.2082303 ,8.018182,23.543028691783547,87.32416550628841 ,60.40799560546875,83.85789009737941 ,0.0,18:25:38 pm,1663678538341
-4.5561657 ,2.918532 ,8.221688,23.543028691783547,87.32416550628841 ,60.40799560546875,83.85789009737941 ,0.0,18:25:38 pm,1663678538348
-4.6902413 ,2.693477 ,8.614338,23.543028691783547,87.32416550628841 ,60.40799560546875,83.85789009737941 ,0.0,18:25:38 pm,1663678538351
-4.4244847 ,2.645593 ,9.227253,23.543028691783547,87.32416550628841 ,60.40799560546875,83.85789009737941 ,0.0,18:25:38 pm,1663678538357
-3.833117 ,2.8993783 ,9.849746,23.543028691783547,87.32416550628841 ,60.40799560546875,83.85789009737941 ,0.0,18:25:38 pm,1663678538365
-3.2561142 ,3.3039982 ,10.565612,23.543028691783547,87.32416550628841 ,60.40799560546875,83.85789009737941 ,0.0,18:25:38 pm,1663678538368
-2.6527755 ,3.6631286 ,10.697293,23.543028691783547,87.32416550628841 ,60.40799560546875,83.85789009737941 ,0.0,18:25:38 pm,1663678538371
-2.15957 ,3.9312792 ,10.16578,23.543028691783547,87.32416550628841 ,60.40799560546875,83.85789009737941 ,0.0,18:25:38 pm,1663678538376
-1.721431 ,4.0342298 ,9.378088,23.543028691783547,87.32416550628841 ,60.40799560546875,83.85789009737941 ,0.0,18:25:38 pm,1663678538383
-1.7118542 ,3.9312792 ,7.788338,23.543028691783547,87.32416550628841 ,60.40799560546875,83.85789009737941 ,0.0,18:25:38 pm,1663678538387
-1.9871874 ,3.8714242 ,6.612785,23.543028691783547,87.32416550628841 ,60.40799560546875,84.33790472224054 ,0.0,18:25:38 pm,1663678538392
-2.5187001 ,3.6487634 ,5.779603,23.543028691783547,87.32416550628841 ,60.40799560546875,84.33790472224054 ,0.0,18:25:38 pm,1663678538398
-2.89459 ,3.3973722 ,5.595249,23.543028691783547,87.32416550628841 ,60.40799560546875,84.33790472224054 ,0.0,18:25:38 pm,1663678538402
-2.9496565 ,3.0789435 ,5.3223104,23.543028691783547,87.32416550628841 ,60.40799560546875,84.33790472224054 ,0.0,18:25:38 pm,1663678538406
-2.719813 ,2.8874073 ,5.7149596,23.543028691783547,87.32416550628841 ,60.40799560546875,84.33790472224054 ,0.0,18:25:38 pm,1663678538415
-2.5570073 ,2.753332 ,6.6965823,23.543028691783547,87.32416550628841 ,60.40799560546875,84.33790472224054 ,0.0,18:25:38 pm,1663678538417
-2.1930888 ,2.6120741 ,7.323863,23.543028691783547,87.32416550628841 ,60.40799560546875,84.33790472224054 ,0.0,18:25:38 pm,1663678538422
-2.171541 ,2.6024973 ,8.166622,23.543028691783547,87.32416550628841 ,60.40799560546875,84.33790472224054 ,0.0,18:25:38 pm,1663678538428
-2.042254 ,2.5330653 ,8.322245,23.543028691783547,87.32416550628841 ,60.40799560546875,84.33790472224054 ,0.0,18:25:38 pm,1663678538433
-1.7741034 ,2.6431987 ,8.027759,23.543028691783547,87.32416550628841 ,60.40799560546875,84.33790472224054 ,0.0,18:25:38 pm,1663678538437
-1.3814543 ,2.861071 ,7.991845,23.543028691783547,87.32416550628841 ,60.40799560546875,84.33790472224054 ,0.0,18:25:38 pm,1663678538442
-0.6847417 ,3.1387985 ,7.845799,23.543028691783547,87.32416550628841 ,60.40799560546875,84.33790472224054 ,0.0,18:25:38 pm,1663678538448
-0.32321724 ,3.3303347 ,6.9862804,23.543028691783547,87.32416550628841 ,60.40799560546875,84.33790472224054 ,0.0,18:25:38 pm,1663678538452
-0.2801216 ,3.526659 ,6.1004257,23.543028691783547,87.32416550628841 ,60.40799560546875,84.33790472224054 ,0.0,18:25:38 pm,1663678538456
-0.58897364 ,3.655946 ,5.2145715,23.543028691783547,87.32416550628841 ,60.40799560546875,84.33790472224054 ,0.0,18:25:38 pm,1663678538465
-0.8858546 ,3.5865142 ,3.98874,23.543028691783547,87.32416550628841 ,60.40799560546875,84.33790472224054 ,0.0,18:25:38 pm,1663678538468
-1.2354081 ,3.4021606 ,2.920926,23.543028691783547,87.32416550628841 ,60.40799560546875,84.33790472224054 ,0.0,18:25:38 pm,1663678538472
-1.3335704 ,3.2680852 ,2.717419,23.543028691783547,87.32416550628841 ,60.40799560546875,84.33790472224054 ,0.0,18:25:38 pm,1663678538477
-1.1707647 ,3.1507695 ,2.8107927,23.543028691783547,87.32416550628841 ,60.40799560546875,84.33790472224054 ,0.0,18:25:38 pm,1663678538484
-0.63206923 ,3.193865 ,3.928885,23.543028691783547,87.32416550628841 ,60.40799560546875,84.33790472224054 ,0.0,18:25:38 pm,1663678538487
-0.045489833 ,3.2704794 ,5.2840033,23.543028691783547,87.32416550628841 ,60.40799560546875,84.33790472224054 ,0.0,18:25:38 pm,1663678538493
0.5315128 ,3.3159695 ,7.264008,23.543028691783547,87.32416550628841 ,60.40799560546875,84.33790472224054 ,0.0,18:25:38 pm,1663678538499
0.8283938 ,3.3207579 ,8.671799,23.543028691783547,87.32416550628841 ,60.40799560546875,84.33790472224054 ,0.0,18:25:38 pm,1663678538503
0.6440403 ,3.0669725 ,9.643845,23.543028691783547,87.32416550628841 ,60.40799560546875,84.33790472224054 ,0.0,18:25:38 pm,1663678538508
-0.320823 ,2.6599581 ,10.187328,23.543028691783547,87.32416550628841 ,60.40799560546875,84.33790472224054 ,0.0,18:25:38 pm,1663678538515
-1.1659763 ,2.315193 ,10.896012,23.543028691783547,87.32416550628841 ,60.40799560546875,84.33790472224054 ,0.0,18:25:38 pm,1663678538517
-1.8866309 ,1.8195933 ,10.5704,23.543028691783547,87.32416550628841 ,60.40799560546875,84.33790472224054 ,0.0,18:25:38 pm,1663678538523
-2.4827871 ,1.376666 ,10.010158,23.543028691783547,87.32416550628841 ,60.40799560546875,84.33790472224054 ,0.0,18:25:38 pm,1663678538527
-2.765303 ,1.043872 ,9.569624,23.543028691783547,87.32416550628841 ,60.40799560546875,84.33790472224054 ,0.0,18:25:38 pm,1663678538533
-2.801216 ,0.8595184 ,9.112331,23.543028691783547,87.32416550628841 ,60.40799560546875,84.33790472224054 ,0.0,18:25:38 pm,1663678538538
-2.6001031 ,0.9888053 ,9.02614,23.543028691783547,87.32416550628841 ,60.40799560546875,84.33790472224054 ,0.0,18:25:38 pm,1663678538543
-1.9895816 ,1.3455414 ,9.44752,23.543028691783547,87.32416550628841 ,60.40799560546875,84.33790472224054 ,0.0,18:25:38 pm,1663678538549
-1.4197617 ,1.5370775 ,10.402806,23.543028691783547,87.32416550628841 ,60.40799560546875,84.33790472224054 ,0.0,18:25:38 pm,1663678538553
-1.1180922 ,1.6065093 ,11.044453,23.543028691783547,87.32416550628841 ,60.40799560546875,84.33790472224054 ,0.0,18:25:38 pm,1663678538558
-0.9720459 ,1.6687586 ,10.599131,23.543028691783547,87.32416550628841 ,60.40799560546875,84.33790472224054 ,0.0,18:25:38 pm,1663678538565
-1.067814 ,1.6807296 ,9.651027,23.543028691783547,87.32416550628841 ,60.40799560546875,84.33790472224054 ,0.0,18:25:38 pm,1663678538568
-1.3335704 ,1.8531121 ,8.358158,23.543028691783547,87.32416550628841 ,60.40799560546875,84.33790472224054 ,0.0,18:25:38 pm,1663678538573
-1.4915876 ,1.9536686 ,7.393295,23.543028691783547,87.32416550628841 ,60.40799560546875,84.33790472224054 ,0.0,18:25:38 pm,1663678538578
-1.4939818 ,2.123657 ,6.6271505,23.543028691783547,87.32416550628841 ,60.40799560546875,84.33790472224054 ,0.0,18:25:38 pm,1663678538584
-1.30484 ,2.2290018 ,6.6893997,23.543028691783547,87.32416550628841 ,60.40799560546875,84.33790472224054 ,0.0,18:25:38 pm,1663678538588
-1.0199299 ,2.2864625 ,6.5744777,23.543028691783547,87.32416550628841 ,60.40799560546875,84.33790472224054 ,0.0,18:25:38 pm,1663678538592
-0.6751649 ,2.528277 ,7.0102224,23.543028691783547,87.32416550628841 ,60.40799560546875,84.33790472224054 ,0.0,18:25:38 pm,1663678538599
-0.320823 ,2.7724855 ,7.800309,23.543028691783547,87.32416550628841 ,60.40799560546875,84.33790472224054 ,0.0,18:25:38 pm,1663678538603
-0.02633622 ,3.0214825 ,8.870518,23.543028691783547,87.32416550628841 ,60.40799560546875,84.33790472224054 ,0.0,18:25:38 pm,1663678538608
0.50278234 ,3.145981 ,10.13705,23.543028691783547,87.32416550628841 ,60.40799560546875,84.33790472224054 ,0.0,18:25:38 pm,1663678538615
0.46208093 ,3.095703 ,10.218452,23.543028691783547,87.32416550628841 ,60.40799560546875,84.33790472224054 ,0.0,18:25:38 pm,1663678538618
-0.39504328 ,3.0214825 ,9.765948,23.543028691783547,87.32416550628841 ,60.40799560546875,84.33790472224054 ,0.0,18:25:38 pm,1663678538623
-1.0510546 ,2.9400797 ,9.287108,23.543028691783547,87.32416550628841 ,60.40799560546875,84.33790472224054 ,0.0,18:25:38 pm,1663678538632
-1.3383588 ,2.9017725 ,9.0716305,23.543028691783547,87.32416550628841 ,60.40799560546875,84.33790472224054 ,0.0,18:25:38 pm,1663678538634
-1.340753 ,2.801216 ,8.90643,23.543028691783547,87.32416550628841 ,60.40799560546875,84.33790472224054 ,0.0,18:25:38 pm,1663678538638
-1.2258313 ,2.873042 ,9.169792,23.543028691783547,87.32416550628841 ,60.40799560546875,84.33790472224054 ,0.0,18:25:38 pm,1663678538643
-1.1444284 ,3.0382419 ,9.435549,23.543028691783547,87.32416550628841 ,60.40799560546875,84.33790472224054 ,0.0,18:25:38 pm,1663678538649
-1.1180922 ,3.1316159 ,10.012551,23.543028691783547,87.32416550628841 ,60.40799560546875,84.33790472224054 ,0.0,18:25:38 pm,1663678538653
-1.0606314 ,3.1890767 ,10.0269165,23.543028691783547,87.32416550628841 ,60.40799560546875,84.33790472224054 ,0.0,18:25:38 pm,1663678538658
-1.0390835 ,3.335123 ,9.749189,23.543028691783547,87.32416550628841 ,60.40799560546875,84.33790472224054 ,0.0,18:25:38 pm,1663678538665
-0.9648633 ,3.4452562 ,9.555259,23.543028691783547,87.32416550628841 ,60.40799560546875,84.33790472224054 ,0.0,18:25:38 pm,1663678538668
-0.9768343 ,3.5529952 ,9.368511,23.543028691783547,87.32416550628841 ,60.40799560546875,84.33790472224054 ,0.0,18:25:38 pm,1663678538673
-0.92895025 ,3.514688 ,9.605537,23.543028691783547,87.32416550628841 ,60.40799560546875,84.33790472224054 ,0.0,18:25:38 pm,1663678538682
-0.866701 ,3.3901896 ,9.296685,23.543028691783547,87.32416550628841 ,60.40799560546875,84.33790472224054 ,0.0,18:25:38 pm,1663678538685
-1.5610195 ,3.1866825 ,8.992621,23.543028691783547,87.32416550628841 ,60.40799560546875,84.33790472224054 ,0.0,18:25:38 pm,1663678538689
-2.0518308 ,3.074155 ,8.726865,23.543028691783547,87.32416550628841 ,60.40799560546875,84.33790472224054 ,0.0,18:25:38 pm,1663678538693
-2.1763294 ,3.0789435 ,8.061277,23.543028691783547,87.32416550628841 ,60.40799560546875,84.33790472224054 ,0.0,18:25:38 pm,1663678538700
-1.7405846 ,3.110068 ,8.264784,23.543028691783547,87.32416550628841 ,60.40799560546875,84.33790472224054 ,0.0,18:25:38 pm,1663678538703
-1.4437037 ,3.169923 ,8.949526,23.543028691783547,87.32416550628841 ,60.40799560546875,84.33790472224054 ,0.0,18:25:38 pm,1663678538708
-1.2449849 ,3.3135753 ,10.125079,23.543028691783547,87.32416550628841 ,60.40799560546875,84.33790472224054 ,0.0,18:25:38 pm,1663678538715
-1.0295067 ,3.4356794 ,10.757148,23.543028691783547,87.32416550628841 ,60.40799560546875,84.33790472224054 ,0.0,18:25:38 pm,1663678538719
-1.0103531 ,3.596091 ,11.025299,23.543028691783547,87.32416550628841 ,60.40799560546875,84.33790472224054 ,0.0,18:25:38 pm,1663678538724
-1.1372458 ,3.6703112 ,11.362882,23.543028691783547,87.32416550628841 ,60.40799560546875,84.33790472224054 ,0.0,18:25:38 pm,1663678538732
-1.2330139 ,3.6990416 ,11.281479,23.543028691783547,87.32416550628841 ,60.40799560546875,84.33790472224054 ,0.0,18:25:38 pm,1663678538734
-1.6472107 ,3.6631286 ,10.749966,23.543028691783547,87.32416550628841 ,60.40799560546875,84.33790472224054 ,0.0,18:25:38 pm,1663678538739
-1.8818425 ,3.58412 ,10.216059,23.543028691783547,87.32416550628841 ,60.40799560546875,84.33790472224054 ,0.0,18:25:38 pm,1663678538743
-1.9153614 ,3.6343982 ,9.555259,23.543028691783547,87.32416550628841 ,60.40799560546875,84.33790472224054 ,0.0,18:25:38 pm,1663678538750
-1.9967642 ,3.8067808 ,8.944737,23.543028691783547,87.32416550628841 ,60.40799560546875,84.33790472224054 ,0.0,18:25:38 pm,1663678538754
-2.207454 ,3.9193082 ,8.714894,23.543028691783547,87.32416550628841 ,60.40799560546875,84.33790472224054 ,0.0,18:25:38 pm,1663678538759
-2.0039468 ,3.952827 ,8.908825,23.543028691783547,87.32416550628841 ,60.40799560546875,84.33790472224054 ,0.0,18:25:38 pm,1663678538765
-1.6807296 ,4.012682 ,9.002198,23.543028691783547,87.32416550628841 ,60.40799560546875,84.33790472224054 ,0.0,18:25:38 pm,1663678538769
-1.2976574 ,4.0533834 ,9.081207,23.543028691783547,87.32416550628841 ,60.40799560546875,84.33790472224054 ,0.0,18:25:38 pm,1663678538774
-0.8858546 ,4.2066126 ,9.004593,23.543028691783547,87.32416550628841 ,60.40799560546875,84.33790472224054 ,0.0,18:25:38 pm,1663678538782
-0.78050977 ,4.3502645 ,9.301474,23.543028691783547,87.32416550628841 ,60.40799560546875,84.33790472224054 ,0.0,18:25:38 pm,1663678538784
-1.0702082 ,4.3119574 ,9.811439,23.543028691783547,87.32416550628841 ,60.40799560546875,84.33790472224054 ,0.0,18:25:38 pm,1663678538789
-1.2617443 ,4.1060557 ,9.7563715,23.543028691783547,87.32416550628841 ,60.40799560546875,84.33790472224054 ,0.0,18:25:38 pm,1663678538794
-1.7477672 ,3.8402996 ,9.105149,23.543028691783547,87.32416550628841 ,60.40799560546875,84.33790472224054 ,0.0,18:25:38 pm,1663678538800
-1.9249382 ,3.7229836 ,8.623915,23.543028691783547,87.32416550628841 ,60.40799560546875,84.33790472224054 ,0.0,18:25:38 pm,1663678538804
-2.255338 ,3.6990416 ,8.418014,23.543028691783547,87.32416550628841 ,60.40799560546875,84.33790472224054 ,0.0,18:25:38 pm,1663678538809
-2.3654714 ,3.7828386 ,8.3821,23.543028691783547,87.32416550628841 ,60.40799560546875,84.33790472224054 ,0.0,18:25:38 pm,1663678538816
-2.219425 ,3.845088 ,8.647857,23.543028691783547,87.32416550628841 ,60.40799560546875,84.33790472224054 ,0.0,18:25:38 pm,1663678538819
