x,y,z,latitude,longitude,speed,sound,light,time,timestamp
-0.8643068 ,1.3431472 ,7.9870567,23.541157725267112,87.32748197391629 ,62.35199890136719,86.21735537534128 ,0.0,18:25:15 pm,1663678515198
-0.7422025 ,1.4652514 ,8.377312,23.541157725267112,87.32748197391629 ,62.35199890136719,86.21735537534128 ,0.0,18:25:15 pm,1663678515206
-0.7661445 ,1.5490485 ,8.576031,23.541157725267112,87.32748197391629 ,62.35199890136719,86.21735537534128 ,0.0,18:25:15 pm,1663678515209
-0.7158663 ,1.388637 ,9.9550905,23.541157725267112,87.32748197391629 ,62.35199890136719,86.21735537534128 ,0.0,18:25:15 pm,1663678515213
-0.7302315 ,1.2880806 ,10.079589,23.541157725267112,87.32748197391629 ,62.35199890136719,86.21735537534128 ,0.0,18:25:15 pm,1663678515218
-0.878672 ,1.091756 ,9.792285,23.541157725267112,87.32748197391629 ,62.35199890136719,86.21735537534128 ,0.0,18:25:15 pm,1663678515224
-0.9911995 ,0.93852705 ,11.133038,23.541157725267112,87.32748197391629 ,62.35199890136719,86.21735537534128 ,0.0,18:25:15 pm,1663678515228
-1.0319009 ,1.0486604 ,11.532869,23.541157725267112,87.32748197391629 ,62.35199890136719,86.21735537534128 ,0.0,18:25:15 pm,1663678515233
-0.9983821 ,1.1252748 ,11.949461,23.541157725267112,87.32748197391629 ,62.35199890136719,86.21735537534128 ,0.0,18:25:15 pm,1663678515239
-0.48602295 ,1.1683705 ,12.856863,23.541157725267112,87.32748197391629 ,62.35199890136719,86.21735537534128 ,0.0,18:25:15 pm,1663678515244
-0.39025488 ,1.2066777 ,13.333309,23.541157725267112,87.32748197391629 ,62.35199890136719,86.21735537534128 ,0.0,18:25:15 pm,1663678515248
-0.80205756 ,1.0702082 ,12.768278,23.541157725267112,87.32748197391629 ,62.35199890136719,86.21735537534128 ,0.0,18:25:15 pm,1663678515256
-0.89543146 ,0.8619126 ,11.935096,23.541157725267112,87.32748197391629 ,62.35199890136719,86.21735537534128 ,0.0,18:25:15 pm,1663678515260
-1.1180922 ,0.8690952 ,10.630256,23.541157725267112,87.32748197391629 ,62.35199890136719,86.21735537534128 ,0.0,18:25:15 pm,1663678515263
-1.103727 ,1.0342951 ,9.404425,23.541157725267112,87.32748197391629 ,62.35199890136719,86.21735537534128 ,0.0,18:25:15 pm,1663678515268
-0.878672 ,1.1228806 ,8.916007,23.541157725267112,87.32748197391629 ,62.35199890136719,86.21735537534128 ,0.0,18:25:15 pm,1663678515274
-0.61530983 ,1.340753 ,7.6135616,23.541157725267112,87.32748197391629 ,62.35199890136719,86.21735537534128 ,0.0,18:25:15 pm,1663678515278
-0.4213795 ,1.2641385 ,6.4284315,23.541157725267112,87.32748197391629 ,62.35199890136719,86.21735537534128 ,0.0,18:25:15 pm,1663678515283
-0.10295067 ,1.2880806 ,5.1666875,23.541157725267112,87.32748197391629 ,62.35199890136719,86.21735537534128 ,0.0,18:25:15 pm,1663678515289
0.33997664 ,1.5777789 ,4.8985367,23.541157725267112,87.32748197391629 ,62.35199890136719,86.21735537534128 ,0.0,18:25:15 pm,1663678515294
0.24899697 ,1.6448165 ,4.5034933,23.541157725267112,87.32748197391629 ,62.35199890136719,86.21735537534128 ,0.0,18:25:15 pm,1663678515298
0.272939 ,1.8626889 ,4.259285,23.541157725267112,87.32748197391629 ,62.35199890136719,86.21735537534128 ,0.0,18:25:15 pm,1663678515305
0.21547815 ,1.7764976 ,4.187459,23.541157725267112,87.32748197391629 ,62.35199890136719,86.21735537534128 ,0.0,18:25:15 pm,1663678515309
0.06943185 ,1.5586253 ,4.158728,23.541157725267112,87.32748197391629 ,62.35199890136719,86.21735537534128 ,0.0,18:25:15 pm,1663678515313
-0.4141969 ,1.2856863 ,4.381389,23.541157725267112,87.32748197391629 ,62.35199890136719,86.21735537534128 ,0.0,18:25:15 pm,1663678515319
-0.8499416 ,0.90500826 ,4.4436383,23.541157725267112,87.32748197391629 ,62.35199890136719,86.21735537534128 ,0.0,18:25:15 pm,1663678515324
-1.2210429 ,0.59855044 ,5.4420204,23.541157725267112,87.32748197391629 ,62.35199890136719,86.21735537534128 ,0.0,18:25:15 pm,1663678515329
-1.2808979 ,0.39983168 ,7.0844426,23.541157725267112,87.32748197391629 ,62.35199890136719,86.21735537534128 ,0.0,18:25:15 pm,1663678515334
-1.460463 ,0.22984336 ,8.145074,23.541157725267112,87.32748197391629 ,62.35199890136719,86.21735537534128 ,0.0,18:25:15 pm,1663678515340
-1.9728222 ,0.21068975 ,9.440337,23.541157725267112,87.32748197391629 ,62.35199890136719,86.21735537534128 ,0.0,18:25:15 pm,1663678515344
-2.1260512 ,0.11731588 ,9.787497,23.541157725267112,87.32748197391629 ,62.35199890136719,85.5596726554651 ,0.0,18:25:15 pm,1663678515349
-2.0231004 ,-0.021547815 ,9.14585,23.541157725267112,87.32748197391629 ,62.35199890136719,85.5596726554651 ,0.0,18:25:15 pm,1663678515356
-1.9967642 ,-0.19632454 ,9.425972,23.541157725267112,87.32748197391629 ,62.35199890136719,85.5596726554651 ,0.0,18:25:15 pm,1663678515359
-1.7836803 ,0.04070143 ,8.949526,23.541157725267112,87.32748197391629 ,62.35199890136719,85.5596726554651 ,0.0,18:25:15 pm,1663678515364
-1.364695 ,0.1412579 ,8.061277,23.541157725267112,87.32748197391629 ,62.35199890136719,85.5596726554651 ,0.0,18:25:15 pm,1663678515368
-0.7613561 ,0.18435353 ,8.145074,23.541157725267112,87.32748197391629 ,62.35199890136719,85.5596726554651 ,0.0,18:25:15 pm,1663678515375
-0.260968 ,0.49799395 ,8.671799,23.541157725267112,87.32748197391629 ,62.35199890136719,85.5596726554651 ,0.0,18:25:15 pm,1663678515379
-0.1604115 ,0.8595184 ,8.300697,23.541157725267112,87.32748197391629 ,62.35199890136719,85.5596726554651 ,0.0,18:25:15 pm,1663678515384
-0.4357447 ,1.1180922 ,7.120356,23.541157725267112,87.32748197391629 ,62.35199890136719,85.5596726554651 ,0.0,18:25:15 pm,1663678515391
-0.6488287 ,1.2234371 ,6.4882865,23.541157725267112,87.32748197391629 ,62.35199890136719,85.5596726554651 ,0.0,18:25:15 pm,1663678515394
-0.47884035 ,1.3862427 ,5.753267,23.541157725267112,87.32748197391629 ,62.35199890136719,85.5596726554651 ,0.0,18:25:15 pm,1663678515399
0.16998832 ,1.6328455 ,5.0062757,23.541157725267112,87.32748197391629 ,62.35199890136719,85.5596726554651 ,0.0,18:25:15 pm,1663678515406
0.46447513 ,1.7908629 ,4.9105077,23.541157725267112,87.32748197391629 ,62.35199890136719,85.5596726554651 ,0.0,18:25:15 pm,1663678515410
1.0654198 ,1.7142484 ,5.171476,23.541157725267112,87.32748197391629 ,62.35199890136719,85.5596726554651 ,0.0,18:25:15 pm,1663678515414
1.043872 ,1.6950948 ,5.631162,23.541157725267112,87.32748197391629 ,62.35199890136719,85.5596726554651 ,0.0,18:25:15 pm,1663678515419
0.7015011 ,1.6711528 ,6.3901243,23.541157725267112,87.32748197391629 ,62.35199890136719,85.5596726554651 ,0.0,18:25:15 pm,1663678515425
-0.18914193 ,1.400608 ,7.651869,23.541157725267112,87.32748197391629 ,62.35199890136719,85.5596726554651 ,0.0,18:25:15 pm,1663678515429
-0.6727707 ,1.1204864 ,9.088389,23.541157725267112,87.32748197391629 ,62.35199890136719,85.5596726554651 ,0.0,18:25:15 pm,1663678515434
-1.2258313 ,1.0199299 ,10.309433,23.541157725267112,87.32748197391629 ,62.35199890136719,85.5596726554651 ,0.0,18:25:15 pm,1663678515440
-1.436521 ,1.0223241 ,11.109096,23.541157725267112,87.32748197391629 ,62.35199890136719,85.5596726554651 ,0.0,18:25:15 pm,1663678515444
-1.7525556 ,0.93613285 ,11.7387705,23.541157725267112,87.32748197391629 ,62.35199890136719,85.5596726554651 ,0.0,18:25:15 pm,1663678515449
-1.5777789 ,0.7374141 ,12.49055,23.541157725267112,87.32748197391629 ,62.35199890136719,85.5596726554651 ,0.0,18:25:15 pm,1663678515456
-1.1228806 ,0.6967127 ,12.62702,23.541157725267112,87.32748197391629 ,62.35199890136719,85.5596726554651 ,0.0,18:25:15 pm,1663678515460
-0.59136784 ,0.7733272 ,13.354857,23.541157725267112,87.32748197391629 ,62.35199890136719,85.5596726554651 ,0.0,18:25:15 pm,1663678515464
-0.6823475 ,0.6464345 ,13.759478,23.541157725267112,87.32748197391629 ,62.35199890136719,85.5596726554651 ,0.0,18:25:15 pm,1663678515469
-0.94092125 ,0.39264908 ,13.814544,23.541157725267112,87.32748197391629 ,62.35199890136719,85.5596726554651 ,0.0,18:25:15 pm,1663678515475
-1.0510546 ,0.6775591 ,12.8927765,23.541157725267112,87.32748197391629 ,62.35199890136719,85.5596726554651 ,0.0,18:25:15 pm,1663678515480
-1.3144168 ,0.8714894 ,13.132196,23.541157725267112,87.32748197391629 ,62.35199890136719,85.5596726554651 ,0.0,18:25:15 pm,1663678515484
-1.2569559 ,0.9864111 ,12.897565,23.541157725267112,87.32748197391629 ,62.35199890136719,85.5596726554651 ,0.0,18:25:15 pm,1663678515490
-1.151611 ,1.1899183 ,12.677298,23.541157725267112,87.32748197391629 ,62.35199890136719,85.5596726554651 ,0.0,18:25:15 pm,1663678515495
-0.8595184 ,1.4628572 ,12.46182,23.541157725267112,87.32748197391629 ,62.35199890136719,85.5596726554651 ,0.0,18:25:15 pm,1663678515499
-0.24660277 ,1.5107412 ,13.278243,23.541157725267112,87.32748197391629 ,62.35199890136719,85.5596726554651 ,0.0,18:25:15 pm,1663678515506
0.107739076 ,1.8004397 ,13.026852,23.541157725267112,87.32748197391629 ,62.35199890136719,85.5596726554651 ,0.0,18:25:15 pm,1663678515510
-0.24899697 ,1.9033904 ,13.108254,23.541157725267112,87.32748197391629 ,62.35199890136719,85.5596726554651 ,0.0,18:25:15 pm,1663678515514
-0.18195933 ,1.8602947 ,12.861651,23.541157725267112,87.32748197391629 ,62.35199890136719,85.5596726554651 ,0.0,18:25:15 pm,1663678515523
-0.16998832 ,1.7908629 ,12.722788,23.541157725267112,87.32748197391629 ,62.35199890136719,85.5596726554651 ,0.0,18:25:15 pm,1663678515525
0.23223756 ,2.0494366 ,13.084312,23.541157725267112,87.32748197391629 ,62.35199890136719,85.5596726554651 ,0.0,18:25:15 pm,1663678515530
0.038307227 ,2.207454 ,13.213599,23.541157725267112,87.32748197391629 ,62.35199890136719,85.5596726554651 ,0.0,18:25:15 pm,1663678515534
-0.22744916 ,2.3008277 ,14.822503,23.541157725267112,87.32748197391629 ,62.35199890136719,85.5596726554651 ,0.0,18:25:15 pm,1663678515540
-0.31364042 ,2.0901382 ,14.671668,23.541157725267112,87.32748197391629 ,62.35199890136719,85.5596726554651 ,0.0,18:25:15 pm,1663678515545
-0.34715924 ,1.9895816 ,14.482526,23.541157725267112,87.32748197391629 ,62.35199890136719,85.5596726554651 ,0.0,18:25:15 pm,1663678515550
-0.40222588 ,2.087744 ,14.372393,23.541157725267112,87.32748197391629 ,62.35199890136719,85.5596726554651 ,0.0,18:25:15 pm,1663678515556
-0.4405331 ,2.3511062 ,13.948619,23.541157725267112,87.32748197391629 ,62.35199890136719,85.5596726554651 ,0.0,18:25:15 pm,1663678515560
-0.7469909 ,2.1547816 ,12.722788,23.541157725267112,87.32748197391629 ,62.35199890136719,85.5596726554651 ,0.0,18:25:15 pm,1663678515565
-1.0366893 ,2.2409728 ,11.750742,23.541157725267112,87.32748197391629 ,62.35199890136719,85.5596726554651 ,0.0,18:25:15 pm,1663678515573
-0.9959879 ,2.3894134 ,11.602302,23.541157725267112,87.32748197391629 ,62.35199890136719,85.5596726554651 ,0.0,18:25:15 pm,1663678515576
-0.545878 ,2.5258827 ,11.267113,23.541157725267112,87.32748197391629 ,62.35199890136719,85.5596726554651 ,0.0,18:25:15 pm,1663678515580
-0.6392518 ,2.4013844 ,10.560823,23.541157725267112,87.32748197391629 ,62.35199890136719,85.5596726554651 ,0.0,18:25:15 pm,1663678515585
-0.4237737 ,2.3223755 ,8.611943,23.541157725267112,87.32748197391629 ,62.35199890136719,85.5596726554651 ,0.0,18:25:15 pm,1663678515591
0.019153614 ,2.3702598 ,6.981492,23.541157725267112,87.32748197391629 ,62.35199890136719,85.5596726554651 ,0.0,18:25:15 pm,1663678515595
-0.15562311 ,2.3702598 ,6.4068837,23.541157725267112,87.32748197391629 ,62.35199890136719,85.5596726554651 ,0.0,18:25:15 pm,1663678515600
-0.5315128 ,2.171541 ,6.3063273,23.541157725267112,87.32748197391629 ,62.35199890136719,85.5596726554651 ,0.0,18:25:15 pm,1663678515606
-0.61052144 ,1.934515 ,7.1826053,23.541157725267112,87.32748197391629 ,62.35199890136719,85.5596726554651 ,0.0,18:25:15 pm,1663678515610
-1.1013328 ,1.721431 ,8.511387,23.541157725267112,87.32748197391629 ,62.35199890136719,85.5596726554651 ,0.0,18:25:15 pm,1663678515615
-1.8531121 ,1.5753847 ,9.404425,23.541157725267112,87.32748197391629 ,62.35199890136719,85.5596726554651 ,0.0,18:25:15 pm,1663678515623
-2.6982653 ,1.1324574 ,10.055647,23.541157725267112,87.32748197391629 ,62.35199890136719,85.5596726554651 ,0.0,18:25:15 pm,1663678515626
-3.1004913 ,1.091756 ,9.394848,23.541157725267112,87.32748197391629 ,62.35199890136719,85.5596726554651 ,0.0,18:25:15 pm,1663678515630
-3.2154129 ,0.9576807 ,9.172187,23.541157725267112,87.32748197391629 ,62.35199890136719,85.5596726554651 ,0.0,18:25:15 pm,1663678515635
-2.7988217 ,0.7398083 ,8.987833,23.541157725267112,87.32748197391629 ,62.35199890136719,85.5596726554651 ,0.0,18:25:15 pm,1663678515641
-2.5737667 ,0.7086837 ,8.683769,23.541157725267112,87.32748197391629 ,62.35199890136719,85.5596726554651 ,0.0,18:25:15 pm,1663678515645
-2.5187001 ,0.7422025 ,8.726865,23.541157725267112,87.32748197391629 ,62.35199890136719,85.5596726554651 ,0.0,18:25:15 pm,1663678515650
-2.6048915 ,0.6392518 ,8.789114,23.541157725267112,87.32748197391629 ,62.35199890136719,85.5596726554651 ,0.0,18:25:15 pm,1663678515657
-2.27928 ,0.60333884 ,8.848969,23.541157725267112,87.32748197391629 ,62.35199890136719,85.5596726554651 ,0.0,18:25:15 pm,1663678515661
-1.5514427 ,0.770933 ,9.021352,23.541157725267112,87.32748197391629 ,62.35199890136719,85.5596726554651 ,0.0,18:25:15 pm,1663678515665
-1.8531121 ,0.89064306 ,9.220071,23.541157725267112,87.32748197391629 ,62.35199890136719,85.5596726554651 ,0.0,18:25:15 pm,1663678515673
-2.2816741 ,0.91937345 ,9.054871,23.541157725267112,87.32748197391629 ,62.35199890136719,85.5596726554651 ,0.0,18:25:15 pm,1663678515675
-2.2290018 ,0.9528923 ,8.937555,23.541157725267112,87.32748197391629 ,62.35199890136719,85.5596726554651 ,0.0,18:25:15 pm,1663678515680
-2.030283 ,0.91937345 ,8.808268,23.541157725267112,87.32748197391629 ,62.35199890136719,85.5596726554651 ,0.0,18:25:15 pm,1663678515685
-1.7238252 ,1.2737153 ,8.396465,23.541157725267112,87.32748197391629 ,62.35199890136719,85.5596726554651 ,0.0,18:25:15 pm,1663678515692
-1.4987702 ,1.5945383 ,8.334216,23.541157725267112,87.32748197391629 ,62.35199890136719,85.5596726554651 ,0.0,18:25:15 pm,1663678515695
