x,y,z,latitude,longitude,speed,sound,light,time,timestamp
-0.20829555 ,0.9528923 ,11.2312,23.541751164011657,87.32644597068429 ,66.20399780273438,85.95918099160444 ,0.0,18:25:22 pm,1663678522737
0.107739076 ,1.0055647 ,10.668563,23.541751164011657,87.32644597068429 ,66.20399780273438,85.95918099160444 ,0.0,18:25:22 pm,1663678522742
0.35434186 ,1.1683705 ,9.842564,23.541751164011657,87.32644597068429 ,66.20399780273438,85.95918099160444 ,0.0,18:25:22 pm,1663678522748
0.82360536 ,1.2569559 ,9.483433,23.541751164011657,87.32644597068429 ,66.20399780273438,85.95918099160444 ,0.0,18:25:22 pm,1663678522752
0.80684596 ,1.2952632 ,8.6813755,23.541751164011657,87.32644597068429 ,66.20399780273438,85.95918099160444 ,0.0,18:25:22 pm,1663678522757
0.91937345 ,1.2258313 ,7.9367785,23.541751164011657,87.32644597068429 ,66.20399780273438,85.95918099160444 ,0.0,18:25:22 pm,1663678522764
0.81163436 ,1.0630256 ,7.524976,23.541751164011657,87.32644597068429 ,66.20399780273438,85.95918099160444 ,0.0,18:25:22 pm,1663678522767
0.34955344 ,0.8571242 ,7.7811556,23.541751164011657,87.32644597068429 ,66.20399780273438,85.95918099160444 ,0.0,18:25:22 pm,1663678522772
-0.22266077 ,0.7230489 ,7.7667904,23.541751164011657,87.32644597068429 ,66.20399780273438,85.95918099160444 ,0.0,18:25:22 pm,1663678522777
-0.5793968 ,0.5722142 ,7.6255326,23.541751164011657,87.32644597068429 ,66.20399780273438,85.95918099160444 ,0.0,18:25:22 pm,1663678522782
-0.7517793 ,0.533907 ,7.52737,23.541751164011657,87.32644597068429 ,66.20399780273438,85.95918099160444 ,0.0,18:25:22 pm,1663678522787
-0.842759 ,0.5793968 ,8.013393,23.541751164011657,87.32644597068429 ,66.20399780273438,85.95918099160444 ,0.0,18:25:22 pm,1663678522792
-0.6967127 ,0.7613561 ,8.425196,23.541751164011657,87.32644597068429 ,66.20399780273438,85.95918099160444 ,0.0,18:25:22 pm,1663678522797
-0.34955344 ,0.93613285 ,8.765172,23.541751164011657,87.32644597068429 ,66.20399780273438,85.95918099160444 ,0.0,18:25:22 pm,1663678522802
-0.095768064 ,1.0773908 ,9.148245,23.541751164011657,87.32644597068429 ,66.20399780273438,85.95918099160444 ,0.0,18:25:22 pm,1663678522807
0.090979666 ,1.0630256 ,9.330204,23.541751164011657,87.32644597068429 ,66.20399780273438,85.95918099160444 ,0.0,18:25:22 pm,1663678522814
0.093373865 ,0.89782566 ,9.68694,23.541751164011657,87.32644597068429 ,66.20399780273438,85.95918099160444 ,0.0,18:25:22 pm,1663678522817
0.06464344 ,0.82360536 ,9.89763,23.541751164011657,87.32644597068429 ,66.20399780273438,85.95918099160444 ,0.0,18:25:22 pm,1663678522822
-0.45010993 ,0.7038953 ,10.105926,23.541751164011657,87.32644597068429 ,66.20399780273438,85.95918099160444 ,0.0,18:25:22 pm,1663678522828
-0.7086837 ,0.59615624 ,10.2495775,23.541751164011657,87.32644597068429 ,66.20399780273438,85.95918099160444 ,0.0,18:25:22 pm,1663678522833
-0.8595184 ,0.60333884 ,10.556035,23.541751164011657,87.32644597068429 ,66.20399780273438,85.95918099160444 ,0.0,18:25:22 pm,1663678522837
-1.0941502 ,0.79487497 ,10.577583,23.541751164011657,87.32644597068429 ,66.20399780273438,85.95918099160444 ,0.0,18:25:22 pm,1663678522842
-0.7445967 ,0.93134445 ,10.812215,23.541751164011657,87.32644597068429 ,66.20399780273438,85.95918099160444 ,0.0,18:25:22 pm,1663678522848
-0.30166942 ,1.151611 ,10.943896,23.541751164011657,87.32644597068429 ,66.20399780273438,85.95918099160444 ,0.0,18:25:22 pm,1663678522853
0.05746084 ,1.5586253 ,11.101913,23.541751164011657,87.32644597068429 ,66.20399780273438,85.95918099160444 ,0.0,18:25:22 pm,1663678522857
0.19393034 ,1.7190368 ,11.298238,23.541751164011657,87.32644597068429 ,66.20399780273438,85.95918099160444 ,0.0,18:25:22 pm,1663678522864
0.34715924 ,1.7788919 ,11.030087,23.541751164011657,87.32644597068429 ,66.20399780273438,85.95918099160444 ,0.0,18:25:22 pm,1663678522868
0.107739076 ,1.6807296 ,10.601525,23.541751164011657,87.32644597068429 ,66.20399780273438,85.95918099160444 ,0.0,18:25:22 pm,1663678522872
-0.0023942017 ,1.6903064 ,10.084377,23.541751164011657,87.32644597068429 ,66.20399780273438,85.95918099160444 ,0.0,18:25:22 pm,1663678522881
-0.15562311 ,1.6687586 ,9.7084875,23.541751164011657,87.32644597068429 ,66.20399780273438,85.95918099160444 ,0.0,18:25:22 pm,1663678522890
-0.11971009 ,1.7764976 ,9.404425,23.541751164011657,87.32644597068429 ,66.20399780273438,85.95918099160444 ,0.0,18:25:22 pm,1663678522892
-0.20590134 ,1.8100165 ,9.275137,23.541751164011657,87.32644597068429 ,66.20399780273438,85.95918099160444 ,0.0,18:25:22 pm,1663678522893
-0.17238252 ,1.757344 ,9.564836,23.541751164011657,87.32644597068429 ,66.20399780273438,85.95918099160444 ,0.0,18:25:22 pm,1663678522898
-0.17238252 ,1.769315 ,9.928755,23.541751164011657,87.32644597068429 ,66.20399780273438,85.95918099160444 ,0.0,18:25:22 pm,1663678522903
-0.2633622 ,1.8674773 ,10.34774,23.541751164011657,87.32644597068429 ,66.20399780273438,85.95918099160444 ,0.0,18:25:22 pm,1663678522909
-0.06703765 ,1.8770541 ,10.536881,23.541751164011657,87.32644597068429 ,66.20399780273438,85.95918099160444 ,0.0,18:25:22 pm,1663678522914
-0.07182605 ,1.8315643 ,10.896012,23.541831714101136,87.32628788799047 ,64.97999725341798,85.95918099160444 ,0.0,18:25:22 pm,1663678522918
-0.24420857 ,1.8866309 ,11.073183,23.541831714101136,87.32628788799047 ,64.97999725341798,85.95918099160444 ,0.0,18:25:22 pm,1663678522923
-0.34237084 ,1.8459295 ,11.20247,23.541831714101136,87.32628788799047 ,64.97999725341798,85.95918099160444 ,0.0,18:25:22 pm,1663678522931
-0.79248077 ,1.532289 ,11.291056,23.541831714101136,87.32628788799047 ,64.97999725341798,85.95918099160444 ,0.0,18:25:22 pm,1663678522933
-1.0534488 ,1.3575124 ,11.568783,23.541831714101136,87.32628788799047 ,64.97999725341798,85.95918099160444 ,0.0,18:25:22 pm,1663678522938
-1.3838485 ,1.1779473 ,11.949461,23.541831714101136,87.32628788799047 ,64.97999725341798,85.95918099160444 ,0.0,18:25:22 pm,1663678522943
-1.5777789 ,0.9672575 ,12.191275,23.541831714101136,87.32628788799047 ,64.97999725341798,85.95918099160444 ,0.0,18:25:22 pm,1663678522949
-2.054225 ,0.6991069 ,12.528857,23.541831714101136,87.32628788799047 ,64.97999725341798,85.95918099160444 ,0.0,18:25:22 pm,1663678522953
-2.504335 ,0.2705448 ,12.349293,23.541831714101136,87.32628788799047 ,64.97999725341798,85.95918099160444 ,0.0,18:25:22 pm,1663678522958
-3.3279405 ,0.074220255 ,12.014104,23.541831714101136,87.32628788799047 ,64.97999725341798,85.95918099160444 ,0.0,18:25:22 pm,1663678522965
-3.964798 ,-0.15801731 ,11.880029,23.541831714101136,87.32628788799047 ,64.97999725341798,85.95918099160444 ,0.0,18:25:22 pm,1663678522968
-4.072537 ,-0.2896984 ,11.789049,23.541831714101136,87.32628788799047 ,64.97999725341798,85.95918099160444 ,0.0,18:25:22 pm,1663678522973
-4.1276035 ,-0.23942018 ,12.310986,23.541831714101136,87.32628788799047 ,64.97999725341798,85.95918099160444 ,0.0,18:25:22 pm,1663678522981
-4.0198646 ,0.08379706 ,12.509704,23.541831714101136,87.32628788799047 ,64.97999725341798,85.95918099160444 ,0.0,18:25:22 pm,1663678522984
-3.8019924 ,0.33279404 ,12.41633,23.541831714101136,87.32628788799047 ,64.97999725341798,85.95918099160444 ,0.0,18:25:22 pm,1663678522988
-3.4763808 ,0.7613561 ,12.457031,23.541831714101136,87.32628788799047 ,64.97999725341798,85.95918099160444 ,0.0,18:25:22 pm,1663678522993
-3.1723173 ,1.0342951 ,11.899182,23.541831714101136,87.32628788799047 ,64.97999725341798,85.95918099160444 ,0.0,18:25:22 pm,1663678523000
-2.896984 ,1.3551182 ,11.145009,23.541831714101136,87.32628788799047 ,64.97999725341798,85.95918099160444 ,0.0,18:25:23 pm,1663678523003
-2.4756045 ,1.7908629 ,10.292673,23.541831714101136,87.32628788799047 ,64.97999725341798,85.95918099160444 ,0.0,18:25:23 pm,1663678523008
-2.066196 ,2.1188686 ,9.667787,23.541831714101136,87.32628788799047 ,64.97999725341798,85.95918099160444 ,0.0,18:25:23 pm,1663678523015
-1.5394717 ,2.6048915 ,9.030929,23.541831714101136,87.32628788799047 ,64.97999725341798,85.95918099160444 ,0.0,18:25:23 pm,1663678523019
-1.0103531 ,2.9352913 ,9.378088,23.541831714101136,87.32628788799047 ,64.97999725341798,85.95918099160444 ,0.0,18:25:23 pm,1663678523023
-0.39504328 ,3.359065 ,9.56723,23.541831714101136,87.32628788799047 ,64.97999725341798,92.98243669141664 ,0.0,18:25:23 pm,1663678523031
0.12928689 ,3.787627 ,9.409213,23.541831714101136,87.32628788799047 ,64.97999725341798,92.98243669141664 ,0.0,18:25:23 pm,1663678523034
0.59855044 ,3.775656 ,9.892841,23.541831714101136,87.32628788799047 ,64.97999725341798,92.98243669141664 ,0.0,18:25:23 pm,1663678523039
0.58418524 ,3.4452562 ,9.94312,23.541831714101136,87.32628788799047 ,64.97999725341798,92.98243669141664 ,0.0,18:25:23 pm,1663678523043
-0.14604631 ,2.9496565 ,9.799467,23.541831714101136,87.32628788799047 ,64.97999725341798,92.98243669141664 ,0.0,18:25:23 pm,1663678523050
-0.92895025 ,2.3319526 ,9.610326,23.541831714101136,87.32628788799047 ,64.97999725341798,92.98243669141664 ,0.0,18:25:23 pm,1663678523053
-2.0614076 ,1.5107412 ,9.469068,23.541831714101136,87.32628788799047 ,64.97999725341798,92.98243669141664 ,0.0,18:25:23 pm,1663678523059
-2.8921957 ,1.0726024 ,10.06283,23.541831714101136,87.32628788799047 ,64.97999725341798,92.98243669141664 ,0.0,18:25:23 pm,1663678523064
-3.2920272 ,0.89782566 ,10.874464,23.541831714101136,87.32628788799047 ,64.97999725341798,92.98243669141664 ,0.0,18:25:23 pm,1663678523069
-3.8187518 ,0.9864111 ,11.767501,23.541831714101136,87.32628788799047 ,64.97999725341798,92.98243669141664 ,0.0,18:25:23 pm,1663678523073
-3.8738184 ,1.30484 ,12.619837,23.541831714101136,87.32628788799047 ,64.97999725341798,92.98243669141664 ,0.0,18:25:23 pm,1663678523081
-3.514688 ,1.6879122 ,13.28782,23.541831714101136,87.32628788799047 ,64.97999725341798,92.98243669141664 ,0.0,18:25:23 pm,1663678523084
-2.8323407 ,2.054225 ,13.000515,23.541831714101136,87.32628788799047 ,64.97999725341798,92.98243669141664 ,0.0,18:25:23 pm,1663678523089
-1.8507179 ,2.3942018 ,11.200075,23.541831714101136,87.32628788799047 ,64.97999725341798,92.98243669141664 ,0.0,18:25:23 pm,1663678523094
-1.2138603 ,2.6503813 ,9.993398,23.541831714101136,87.32628788799047 ,64.97999725341798,92.98243669141664 ,0.0,18:25:23 pm,1663678523100
-0.6871359 ,2.7222073 ,8.935161,23.541831714101136,87.32628788799047 ,64.97999725341798,92.98243669141664 ,0.0,18:25:23 pm,1663678523104
-0.7110779 ,2.384625 ,7.5201874,23.541831714101136,87.32628788799047 ,64.97999725341798,92.98243669141664 ,0.0,18:25:23 pm,1663678523108
-0.9888053 ,1.910573 ,6.3685765,23.541831714101136,87.32628788799047 ,64.97999725341798,92.98243669141664 ,0.0,18:25:23 pm,1663678523115
-1.3838485 ,1.2880806 ,5.81791,23.541831714101136,87.32628788799047 ,64.97999725341798,92.98243669141664 ,0.0,18:25:23 pm,1663678523119
-2.1883004 ,0.90979666 ,5.9400144,23.541831714101136,87.32628788799047 ,64.97999725341798,92.98243669141664 ,0.0,18:25:23 pm,1663678523124
-3.1531637 ,0.7206547 ,6.4308257,23.541831714101136,87.32628788799047 ,64.97999725341798,92.98243669141664 ,0.0,18:25:23 pm,1663678523131
-3.5362358 ,0.30166942 ,7.8146744,23.541831714101136,87.32628788799047 ,64.97999725341798,92.98243669141664 ,0.0,18:25:23 pm,1663678523134
-3.3087866 ,0.22026655 ,9.227253,23.541831714101136,87.32628788799047 ,64.97999725341798,92.98243669141664 ,0.0,18:25:23 pm,1663678523139
-3.0262709 ,0.39264908 ,10.943896,23.541831714101136,87.32628788799047 ,64.97999725341798,92.98243669141664 ,0.0,18:25:23 pm,1663678523144
-2.906561 ,0.48841715 ,11.283873,23.541831714101136,87.32628788799047 ,64.97999725341798,92.98243669141664 ,0.0,18:25:23 pm,1663678523150
-2.6360161 ,0.5243302 ,11.319786,23.541831714101136,87.32628788799047 ,64.97999725341798,92.98243669141664 ,0.0,18:25:23 pm,1663678523154
-2.396596 ,0.78769237 ,10.601525,23.541831714101136,87.32628788799047 ,64.97999725341798,92.98243669141664 ,0.0,18:25:23 pm,1663678523159
-2.030283 ,1.0271125 ,10.022128,23.541831714101136,87.32628788799047 ,64.97999725341798,92.98243669141664 ,0.0,18:25:23 pm,1663678523165
-1.508347 ,1.2665327 ,8.916007,23.541831714101136,87.32628788799047 ,64.97999725341798,92.98243669141664 ,0.0,18:25:23 pm,1663678523169
-1.2569559 ,1.7238252 ,8.492233,23.541831714101136,87.32628788799047 ,64.97999725341798,92.98243669141664 ,0.0,18:25:23 pm,1663678523174
-0.7685388 ,2.0278888 ,7.7572136,23.541831714101136,87.32628788799047 ,64.97999725341798,92.98243669141664 ,0.0,18:25:23 pm,1663678523182
-0.2633622 ,1.9369092 ,6.7803793,23.541831714101136,87.32628788799047 ,64.97999725341798,92.98243669141664 ,0.0,18:25:23 pm,1663678523184
0.1364695 ,1.910573 ,6.8091097,23.541831714101136,87.32628788799047 ,64.97999725341798,92.98243669141664 ,0.0,18:25:23 pm,1663678523189
0.4141969 ,1.9991584 ,6.9503675,23.541831714101136,87.32628788799047 ,64.97999725341798,92.98243669141664 ,0.0,18:25:23 pm,1663678523194
0.5243302 ,1.9153614 ,7.074866,23.541831714101136,87.32628788799047 ,64.97999725341798,92.98243669141664 ,0.0,18:25:23 pm,1663678523200
0.41180268 ,1.5873557 ,6.6510925,23.541831714101136,87.32628788799047 ,64.97999725341798,92.98243669141664 ,0.0,18:25:23 pm,1663678523205
0.48841715 ,1.283292 ,6.50744,23.541831714101136,87.32628788799047 ,64.97999725341798,92.98243669141664 ,0.0,18:25:23 pm,1663678523209
-0.062249243 ,1.1803415 ,7.1945763,23.541831714101136,87.32628788799047 ,64.97999725341798,92.98243669141664 ,0.0,18:25:23 pm,1663678523216
-0.5506664 ,0.91697925 ,8.523358,23.541831714101136,87.32628788799047 ,64.97999725341798,92.98243669141664 ,0.0,18:25:23 pm,1663678523220
-0.7086837 ,0.6512229 ,9.619903,23.541831714101136,87.32628788799047 ,64.97999725341798,92.98243669141664 ,0.0,18:25:23 pm,1663678523225
-0.80924016 ,0.5674258 ,11.386824,23.541831714101136,87.32628788799047 ,64.97999725341798,92.98243669141664 ,0.0,18:25:23 pm,1663678523231
-1.0821792 ,0.6991069 ,13.084312,23.541831714101136,87.32628788799047 ,64.97999725341798,92.98243669141664 ,0.0,18:25:23 pm,1663678523235
