x,y,z,latitude,longitude,speed,sound,light,time,timestamp
-1.8100165 ,3.3686419 ,9.109938,23.54212357196957,87.32568212784827 ,57.85199890136719,83.13087845198731 ,0.0,18:25:27 pm,1663678527764
-1.7166426 ,3.4356794 ,9.507375,23.54212357196957,87.32568212784827 ,57.85199890136719,83.13087845198731 ,0.0,18:25:27 pm,1663678527770
-1.271321 ,3.6894648 ,10.093954,23.54212357196957,87.32568212784827 ,57.85199890136719,83.13087845198731 ,0.0,18:25:27 pm,1663678527774
-0.79966336 ,3.9121256 ,10.778696,23.54212357196957,87.32568212784827 ,57.85199890136719,83.13087845198731 ,0.0,18:25:27 pm,1663678527779
-0.4261679 ,3.9935284 ,10.931925,23.54212357196957,87.32568212784827 ,57.85199890136719,83.13087845198731 ,0.0,18:25:27 pm,1663678527787
-0.19393034 ,3.8977604 ,10.97502,23.54212357196957,87.32568212784827 ,57.85199890136719,83.13087845198731 ,0.0,18:25:27 pm,1663678527789
-0.35194764 ,3.70383 ,11.303026,23.54212357196957,87.32568212784827 ,57.85199890136719,83.13087845198731 ,0.0,18:25:27 pm,1663678527795
-1.0175357 ,3.2154129 ,11.724405,23.54212357196957,87.32568212784827 ,57.85199890136719,83.13087845198731 ,0.0,18:25:27 pm,1663678527799
-2.0805612 ,2.5929205 ,11.21444,23.54212357196957,87.32568212784827 ,57.85199890136719,83.13087845198731 ,0.0,18:25:27 pm,1663678527805
-3.1890767 ,2.0853498 ,11.099519,23.54212357196957,87.32568212784827 ,57.85199890136719,83.13087845198731 ,0.0,18:25:27 pm,1663678527810
-4.1252093 ,1.6328455 ,10.960655,23.54212357196957,87.32568212784827 ,57.85199890136719,83.13087845198731 ,0.0,18:25:27 pm,1663678527816
-4.4244847 ,1.5275006 ,10.972627,23.54212357196957,87.32568212784827 ,57.85199890136719,83.13087845198731 ,0.0,18:25:27 pm,1663678527822
-4.146757 ,1.6496049 ,11.27669,23.54212357196957,87.32568212784827 ,57.85199890136719,83.13087845198731 ,0.0,18:25:27 pm,1663678527825
-3.6535518 ,1.8507179 ,11.149797,23.54212357196957,87.32568212784827 ,57.85199890136719,83.35408205090324 ,0.0,18:25:27 pm,1663678527829
-3.0454245 ,2.0087352 ,10.884041,23.54212357196957,87.32568212784827 ,57.85199890136719,83.35408205090324 ,0.0,18:25:27 pm,1663678527836
-2.1045034 ,2.4372973 ,10.395624,23.54212357196957,87.32568212784827 ,57.85199890136719,83.35408205090324 ,0.0,18:25:27 pm,1663678527839
-1.4556746 ,2.896984 ,9.61272,23.54212357196957,87.32568212784827 ,57.85199890136719,83.35408205090324 ,0.0,18:25:27 pm,1663678527845
-0.7445967 ,3.5482068 ,7.9128366,23.54212357196957,87.32568212784827 ,57.85199890136719,83.35408205090324 ,0.0,18:25:27 pm,1663678527850
-0.29927522 ,4.0342298 ,6.7324953,23.54212357196957,87.32568212784827 ,57.85199890136719,83.35408205090324 ,0.0,18:25:27 pm,1663678527856
0.21308395 ,4.333505 ,5.554548,23.54212357196957,87.32568212784827 ,57.85199890136719,83.35408205090324 ,0.0,18:25:27 pm,1663678527860
0.56982 ,4.2999864 ,4.489128,23.54212357196957,87.32568212784827 ,57.85199890136719,83.35408205090324 ,0.0,18:25:27 pm,1663678527865
0.49799395 ,4.132392 ,4.2042184,23.54212357196957,87.32568212784827 ,57.85199890136719,83.35408205090324 ,0.0,18:25:27 pm,1663678527870
0.076614454 ,3.691859 ,4.3526587,23.54212357196957,87.32568212784827 ,57.85199890136719,83.35408205090324 ,0.0,18:25:27 pm,1663678527875
-0.46208093 ,3.2441432 ,5.130774,23.54212357196957,87.32568212784827 ,57.85199890136719,83.35408205090324 ,0.0,18:25:27 pm,1663678527880
-0.6679823 ,2.9113493 ,6.679823,23.54212357196957,87.32568212784827 ,57.85199890136719,83.35408205090324 ,0.0,18:25:27 pm,1663678527886
-0.6991069 ,2.6719291 ,8.406042,23.54212357196957,87.32568212784827 ,57.85199890136719,83.35408205090324 ,0.0,18:25:27 pm,1663678527889
-0.5506664 ,2.528277 ,10.199299,23.54212357196957,87.32568212784827 ,57.85199890136719,83.35408205090324 ,0.0,18:25:27 pm,1663678527895
-0.39504328 ,2.3056161 ,11.765107,23.54212357196957,87.32568212784827 ,57.85199890136719,83.35408205090324 ,0.0,18:25:27 pm,1663678527900
-0.34476504 ,2.0494366 ,12.430696,23.54219318367541,87.32555103488266 ,55.475999450683595,83.35408205090324 ,0.0,18:25:27 pm,1663678527906
-0.6560113 ,1.757344 ,13.03164,23.54219318367541,87.32555103488266 ,55.475999450683595,83.35408205090324 ,0.0,18:25:27 pm,1663678527909
-1.1731589 ,1.412579 ,13.144167,23.54219318367541,87.32555103488266 ,55.475999450683595,83.35408205090324 ,0.0,18:25:27 pm,1663678527915
-1.7717092 ,1.0151415 ,12.8688345,23.54219318367541,87.32555103488266 ,55.475999450683595,83.35408205090324 ,0.0,18:25:27 pm,1663678527921
-1.9369092 ,0.6943185 ,11.712435,23.54219318367541,87.32555103488266 ,55.475999450683595,83.35408205090324 ,0.0,18:25:27 pm,1663678527925
-1.8004397 ,0.7062895 ,11.051635,23.54219318367541,87.32555103488266 ,55.475999450683595,83.35408205090324 ,0.0,18:25:27 pm,1663678527929
-1.5849615 ,0.89303726 ,10.058042,23.54219318367541,87.32555103488266 ,55.475999450683595,83.35408205090324 ,0.0,18:25:27 pm,1663678527936
-1.4341269 ,1.1180922 ,9.176975,23.54219318367541,87.32555103488266 ,55.475999450683595,83.35408205090324 ,0.0,18:25:27 pm,1663678527940
-1.0869676 ,1.30484 ,8.607155,23.54219318367541,87.32555103488266 ,55.475999450683595,83.35408205090324 ,0.0,18:25:27 pm,1663678527945
-0.04070143 ,1.6112977 ,8.104373,23.54219318367541,87.32555103488266 ,55.475999450683595,83.35408205090324 ,0.0,18:25:27 pm,1663678527953
0.89064306 ,1.8746599 ,7.335834,23.54219318367541,87.32555103488266 ,55.475999450683595,83.35408205090324 ,0.0,18:25:27 pm,1663678527956
1.5705963 ,2.0638018 ,6.169858,23.54219318367541,87.32555103488266 ,55.475999450683595,83.35408205090324 ,0.0,18:25:27 pm,1663678527960
1.6543933 ,2.1811178 ,5.518635,23.54219318367541,87.32555103488266 ,55.475999450683595,83.35408205090324 ,0.0,18:25:27 pm,1663678527966
1.3072342 ,2.123657 ,5.1140146,23.54219318367541,87.32555103488266 ,55.475999450683595,83.35408205090324 ,0.0,18:25:27 pm,1663678527971
0.07182605 ,1.6879122 ,4.9105077,23.54219318367541,87.32555103488266 ,55.475999450683595,83.35408205090324 ,0.0,18:25:27 pm,1663678527975
-0.79487497 ,1.3694834 ,5.705383,23.54219318367541,87.32555103488266 ,55.475999450683595,83.35408205090324 ,0.0,18:25:27 pm,1663678527980
-1.2425907 ,1.1348516 ,7.0605006,23.54219318367541,87.32555103488266 ,55.475999450683595,83.35408205090324 ,0.0,18:25:27 pm,1663678527987
-1.2545617 ,1.055843 ,8.12592,23.54219318367541,87.32555103488266 ,55.475999450683595,83.35408205090324 ,0.0,18:25:27 pm,1663678527990
-1.079785 ,1.127669 ,9.382876,23.54219318367541,87.32555103488266 ,55.475999450683595,83.35408205090324 ,0.0,18:25:27 pm,1663678527995
-0.521936 ,1.484405 ,10.311827,23.54219318367541,87.32555103488266 ,55.475999450683595,83.35408205090324 ,0.0,18:25:28 pm,1663678528003
0.11731588 ,1.8483237 ,10.606314,23.54219318367541,87.32555103488266 ,55.475999450683595,83.35408205090324 ,0.0,18:25:28 pm,1663678528006
0.6919243 ,2.3511062 ,10.2495775,23.54219318367541,87.32555103488266 ,55.475999450683595,83.35408205090324 ,0.0,18:25:28 pm,1663678528011
1.1420342 ,2.743755 ,9.531317,23.54219318367541,87.32555103488266 ,55.475999450683595,83.35408205090324 ,0.0,18:25:28 pm,1663678528015
1.6232687 ,3.1028855 ,8.441956,23.54219318367541,87.32555103488266 ,55.475999450683595,83.35408205090324 ,0.0,18:25:28 pm,1663678528022
1.8387469 ,3.4859576 ,6.7851677,23.54219318367541,87.32555103488266 ,55.475999450683595,83.35408205090324 ,0.0,18:25:28 pm,1663678528026
1.7956513 ,3.5051112 ,6.564901,23.54219318367541,87.32555103488266 ,55.475999450683595,83.35408205090324 ,0.0,18:25:28 pm,1663678528030
1.3718776 ,3.1675289 ,6.600814,23.54219318367541,87.32555103488266 ,55.475999450683595,83.35408205090324 ,0.0,18:25:28 pm,1663678528036
0.40701428 ,2.7006595 ,6.8929067,23.54219318367541,87.32555103488266 ,55.475999450683595,83.35408205090324 ,0.0,18:25:28 pm,1663678528041
-0.8331822 ,2.0685902 ,6.445191,23.54219318367541,87.32555103488266 ,55.475999450683595,83.35408205090324 ,0.0,18:25:28 pm,1663678528045
-2.2529438 ,1.5586253 ,6.5720835,23.54219318367541,87.32555103488266 ,55.475999450683595,83.35408205090324 ,0.0,18:25:28 pm,1663678528053
-2.7629087 ,1.3742718 ,7.501034,23.54219318367541,87.32555103488266 ,55.475999450683595,83.35408205090324 ,0.0,18:25:28 pm,1663678528056
-2.3750482 ,1.3694834 ,9.64145,23.54219318367541,87.32555103488266 ,55.475999450683595,83.35408205090324 ,0.0,18:25:28 pm,1663678528061
-1.4915876 ,1.4030021 ,11.410766,23.54219318367541,87.32555103488266 ,55.475999450683595,83.35408205090324 ,0.0,18:25:28 pm,1663678528066
-0.91937345 ,1.4317327 ,12.39957,23.54219318367541,87.32555103488266 ,55.475999450683595,83.35408205090324 ,0.0,18:25:28 pm,1663678528072
-0.78769237 ,1.472434 ,12.990938,23.54219318367541,87.32555103488266 ,55.475999450683595,83.35408205090324 ,0.0,18:25:28 pm,1663678528076
-1.1180922 ,1.5251064 ,12.404359,23.54219318367541,87.32555103488266 ,55.475999450683595,83.35408205090324 ,0.0,18:25:28 pm,1663678528080
-1.8698715 ,1.6280571 ,11.403583,23.54219318367541,87.32555103488266 ,55.475999450683595,83.35408205090324 ,0.0,18:25:28 pm,1663678528087
-2.3223755 ,1.6663644 ,10.4171715,23.54219318367541,87.32555103488266 ,55.475999450683595,83.35408205090324 ,0.0,18:25:28 pm,1663678528091
-2.3199813 ,1.7597382 ,9.488221,23.54219318367541,87.32555103488266 ,55.475999450683595,83.35408205090324 ,0.0,18:25:28 pm,1663678528096
-2.0326772 ,1.9871874 ,9.095572,23.54219318367541,87.32555103488266 ,55.475999450683595,83.35408205090324 ,0.0,18:25:28 pm,1663678528103
-1.6304513 ,2.231396 ,8.746018,23.54219318367541,87.32555103488266 ,55.475999450683595,83.35408205090324 ,0.0,18:25:28 pm,1663678528106
-0.9648633 ,2.717419 ,8.00621,23.54219318367541,87.32555103488266 ,55.475999450683595,83.35408205090324 ,0.0,18:25:28 pm,1663678528110
-0.47405192 ,3.1316159 ,7.7907324,23.54219318367541,87.32555103488266 ,55.475999450683595,83.35408205090324 ,0.0,18:25:28 pm,1663678528116
-0.36152446 ,3.25372 ,7.9966335,23.54219318367541,87.32555103488266 ,55.475999450683595,83.35408205090324 ,0.0,18:25:28 pm,1663678528122
-0.6560113 ,3.1196449 ,8.183381,23.54219318367541,87.32555103488266 ,55.475999450683595,83.35408205090324 ,0.0,18:25:28 pm,1663678528126
-1.0510546 ,2.906561 ,7.2233067,23.54219318367541,87.32555103488266 ,55.475999450683595,83.35408205090324 ,0.0,18:25:28 pm,1663678528131
-1.6256629 ,2.7940333 ,6.145916,23.54219318367541,87.32555103488266 ,55.475999450683595,83.35408205090324 ,0.0,18:25:28 pm,1663678528137
-1.697489 ,2.8060043 ,6.9647326,23.54219318367541,87.32555103488266 ,55.475999450683595,83.35408205090324 ,0.0,18:25:28 pm,1663678528141
-1.6519991 ,2.755726 ,8.137892,23.54219318367541,87.32555103488266 ,55.475999450683595,83.35408205090324 ,0.0,18:25:28 pm,1663678528147
-1.6424223 ,2.5713725 ,8.992621,23.54219318367541,87.32555103488266 ,55.475999450683595,83.35408205090324 ,0.0,18:25:28 pm,1663678528152
-1.6807296 ,2.4301147 ,9.64145,23.54219318367541,87.32555103488266 ,55.475999450683595,83.35408205090324 ,0.0,18:25:28 pm,1663678528156
-1.9608512 ,2.2864625 ,10.481815,23.54219318367541,87.32555103488266 ,55.475999450683595,83.35408205090324 ,0.0,18:25:28 pm,1663678528161
-2.396596 ,2.1859062 ,10.551247,23.54219318367541,87.32555103488266 ,55.475999450683595,83.35408205090324 ,0.0,18:25:28 pm,1663678528166
-2.980781 ,2.111686 ,10.881647,23.54219318367541,87.32555103488266 ,55.475999450683595,83.35408205090324 ,0.0,18:25:28 pm,1663678528172
-3.41892 ,1.9153614 ,10.520123,23.54219318367541,87.32555103488266 ,55.475999450683595,83.35408205090324 ,0.0,18:25:28 pm,1663678528177
-3.3542767 ,1.8602947 ,9.667787,23.54219318367541,87.32555103488266 ,55.475999450683595,83.35408205090324 ,0.0,18:25:28 pm,1663678528182
-3.3159695 ,1.9249382 ,9.016563,23.54219318367541,87.32555103488266 ,55.475999450683595,83.35408205090324 ,0.0,18:25:28 pm,1663678528188
-3.0214825 ,2.1068976 ,9.112331,23.54219318367541,87.32555103488266 ,55.475999450683595,83.35408205090324 ,0.0,18:25:28 pm,1663678528192
-2.7102363 ,2.2050598 ,9.287108,23.54219318367541,87.32555103488266 ,55.475999450683595,83.35408205090324 ,0.0,18:25:28 pm,1663678528196
-2.336741 ,2.267309 ,9.018958,23.54219318367541,87.32555103488266 ,55.475999450683595,83.35408205090324 ,0.0,18:25:28 pm,1663678528204
-1.8459295 ,2.4636335 ,9.153033,23.54219318367541,87.32555103488266 ,55.475999450683595,83.35408205090324 ,0.0,18:25:28 pm,1663678528207
-1.1923125 ,2.7581203 ,9.26556,23.54219318367541,87.32555103488266 ,55.475999450683595,83.35408205090324 ,0.0,18:25:28 pm,1663678528211
-0.90500826 ,3.0502129 ,9.205706,23.54219318367541,87.32555103488266 ,55.475999450683595,83.35408205090324 ,0.0,18:25:28 pm,1663678528217
-0.7661445 ,3.2489316 ,8.724471,23.54219318367541,87.32555103488266 ,55.475999450683595,83.35408205090324 ,0.0,18:25:28 pm,1663678528223
-0.5291186 ,3.5003228 ,8.714894,23.54219318367541,87.32555103488266 ,55.475999450683595,83.35408205090324 ,0.0,18:25:28 pm,1663678528227
-0.25378537 ,3.58412 ,8.686164,23.54219318367541,87.32555103488266 ,55.475999450683595,83.35408205090324 ,0.0,18:25:28 pm,1663678528231
-0.2681506 ,3.596091 ,7.955932,23.54219318367541,87.32555103488266 ,55.475999450683595,83.35408205090324 ,0.0,18:25:28 pm,1663678528238
-0.7086837 ,3.3901896 ,7.3885064,23.54219318367541,87.32555103488266 ,55.475999450683595,83.35408205090324 ,0.0,18:25:28 pm,1663678528241
-1.3934253 ,3.1028855 ,7.943961,23.54219318367541,87.32555103488266 ,55.475999450683595,83.35408205090324 ,0.0,18:25:28 pm,1663678528247
-1.9752164 ,2.7365725 ,8.985439,23.54219318367541,87.32555103488266 ,55.475999450683595,83.35408205090324 ,0.0,18:25:28 pm,1663678528254
-2.456451 ,2.15957 ,8.908825,23.54219318367541,87.32555103488266 ,55.475999450683595,83.35408205090324 ,0.0,18:25:28 pm,1663678528257
-3.1028855 ,1.5107412 ,8.65025,23.54219318367541,87.32555103488266 ,55.475999450683595,83.35408205090324 ,0.0,18:25:28 pm,1663678528262
