x,y,z,latitude,longitude,speed,sound,light,time,timestamp
-0.260968 ,1.30484 ,11.166556,23.540643034502864,87.32843616977334 ,53.42399711608887,85.90777339989734 ,0.0,18:25:08 pm,1663678508666
-0.093373865 ,1.5849615 ,10.998962,23.540643034502864,87.32843616977334 ,53.42399711608887,85.90777339989734 ,0.0,18:25:08 pm,1663678508669
0.19153613 ,1.685518 ,10.484209,23.540643034502864,87.32843616977334 ,53.42399711608887,85.90777339989734 ,0.0,18:25:08 pm,1663678508673
0.50278234 ,1.8483237 ,10.031705,23.540643034502864,87.32843616977334 ,53.42399711608887,85.90777339989734 ,0.0,18:25:08 pm,1663678508678
0.56982 ,1.9632454 ,9.593566,23.540643034502864,87.32843616977334 ,53.42399711608887,85.90777339989734 ,0.0,18:25:08 pm,1663678508685
0.50757074 ,2.0446482 ,9.277532,23.540643034502864,87.32843616977334 ,53.42399711608887,85.90777339989734 ,0.0,18:25:08 pm,1663678508688
0.62249243 ,2.1428106 ,9.0716305,23.540643034502864,87.32843616977334 ,53.42399711608887,85.90777339989734 ,0.0,18:25:08 pm,1663678508693
0.557849 ,2.0638018 ,8.74123,23.540643034502864,87.32843616977334 ,53.42399711608887,85.90777339989734 ,0.0,18:25:08 pm,1663678508699
0.6943185 ,2.0733786 ,8.896853,23.540643034502864,87.32843616977334 ,53.42399711608887,85.90777339989734 ,0.0,18:25:08 pm,1663678508704
0.7182605 ,2.0518308 ,8.7292595,23.540643034502864,87.32843616977334 ,53.42399711608887,85.90777339989734 ,0.0,18:25:08 pm,1663678508707
0.61052144 ,1.9393034 ,8.599973,23.540643034502864,87.32843616977334 ,53.42399711608887,85.90777339989734 ,0.0,18:25:08 pm,1663678508716
0.5386954 ,1.8842367 ,7.908048,23.540643034502864,87.32843616977334 ,53.42399711608887,85.90777339989734 ,0.0,18:25:08 pm,1663678508718
0.36870706 ,1.7310078 ,7.599196,23.540643034502864,87.32843616977334 ,53.42399711608887,85.90777339989734 ,0.0,18:25:08 pm,1663678508723
-0.14604631 ,1.6232687 ,8.082825,23.540643034502864,87.32843616977334 ,53.42399711608887,85.90777339989734 ,0.0,18:25:08 pm,1663678508728
-0.80205756 ,1.4820108 ,7.9631147,23.540643034502864,87.32843616977334 ,53.42399711608887,85.90777339989734 ,0.0,18:25:08 pm,1663678508734
-0.92895025 ,1.3239936 ,7.383718,23.540643034502864,87.32843616977334 ,53.42399711608887,85.90777339989734 ,0.0,18:25:08 pm,1663678508737
-1.2354081 ,1.1372458 ,7.3071036,23.540643034502864,87.32843616977334 ,53.42399711608887,85.90777339989734 ,0.0,18:25:08 pm,1663678508743
-1.412579 ,1.1204864 ,7.833828,23.540643034502864,87.32843616977334 ,53.42399711608887,85.90777339989734 ,0.0,18:25:08 pm,1663678508749
-1.5514427 ,1.1779473 ,8.415619,23.540643034502864,87.32843616977334 ,53.42399711608887,85.90777339989734 ,0.0,18:25:08 pm,1663678508753
-1.7286136 ,1.0582372 ,8.51857,23.540643034502864,87.32843616977334 ,53.42399711608887,85.90777339989734 ,0.0,18:25:08 pm,1663678508758
-1.7142484 ,0.8403648 ,8.4826565,23.540643034502864,87.32843616977334 ,53.42399711608887,85.90777339989734 ,0.0,18:25:08 pm,1663678508766
-1.7357962 ,0.6895301 ,8.3150625,23.540643034502864,87.32843616977334 ,53.42399711608887,85.90777339989734 ,0.0,18:25:08 pm,1663678508769
-1.6376339 ,0.6655881 ,7.290344,23.540643034502864,87.32843616977334 ,53.42399711608887,85.90777339989734 ,0.0,18:25:08 pm,1663678508773
-1.4460979 ,0.7422025 ,6.885724,23.540643034502864,87.32843616977334 ,53.42399711608887,85.90777339989734 ,0.0,18:25:08 pm,1663678508779
-1.2186487 ,0.89064306 ,6.873753,23.540643034502864,87.32843616977334 ,53.42399711608887,85.90777339989734 ,0.0,18:25:08 pm,1663678508784
-1.1468226 ,1.0079589 ,7.1251445,23.540643034502864,87.32843616977334 ,53.42399711608887,85.90777339989734 ,0.0,18:25:08 pm,1663678508789
-1.0390835 ,1.0893618 ,7.36217,23.540643034502864,87.32843616977334 ,53.42399711608887,85.90777339989734 ,0.0,18:25:08 pm,1663678508793
-0.89782566 ,1.1492168 ,7.884106,23.540643034502864,87.32843616977334 ,53.42399711608887,85.90777339989734 ,0.0,18:25:08 pm,1663678508799
-0.90979666 ,1.2473791 ,7.4483614,23.540643034502864,87.32843616977334 ,53.42399711608887,85.90777339989734 ,0.0,18:25:08 pm,1663678508804
-1.0079589 ,1.1707647 ,8.123527,23.540643034502864,87.32843616977334 ,53.42399711608887,85.90777339989734 ,0.0,18:25:08 pm,1663678508809
-0.89543146 ,1.2641385 ,8.293514,23.540643034502864,87.32843616977334 ,53.42399711608887,85.90777339989734 ,0.0,18:25:08 pm,1663678508816
-0.91697925 ,1.2545617 ,7.905654,23.540643034502864,87.32843616977334 ,53.42399711608887,85.90777339989734 ,0.0,18:25:08 pm,1663678508819
-0.6943185 ,1.1204864 ,8.042124,23.540643034502864,87.32843616977334 ,53.42399711608887,85.90777339989734 ,0.0,18:25:08 pm,1663678508824
-0.46447513 ,1.0151415 ,8.678981,23.540643034502864,87.32843616977334 ,53.42399711608887,85.90777339989734 ,0.0,18:25:08 pm,1663678508829
-0.7637503 ,0.92655605 ,9.081207,23.540643034502864,87.32843616977334 ,53.42399711608887,85.90777339989734 ,0.0,18:25:08 pm,1663678508835
-1.0845734 ,0.7134721 ,9.138668,23.540643034502864,87.32843616977334 ,53.42399711608887,85.90777339989734 ,0.0,18:25:08 pm,1663678508838
-1.1851299 ,0.6943185 ,9.291897,23.540643034502864,87.32843616977334 ,53.42399711608887,85.90777339989734 ,0.0,18:25:08 pm,1663678508843
-1.5059528 ,0.8355764 ,9.660604,23.540643034502864,87.32843616977334 ,53.42399711608887,85.90777339989734 ,0.0,18:25:08 pm,1663678508849
-1.745373 ,0.8619126 ,9.064447,23.540643034502864,87.32843616977334 ,53.42399711608887,85.90777339989734 ,0.0,18:25:08 pm,1663678508853
-1.7381904 ,0.8379706 ,9.045294,23.540643034502864,87.32843616977334 ,53.42399711608887,85.90777339989734 ,0.0,18:25:08 pm,1663678508859
-1.484405 ,0.90740246 ,8.781932,23.540643034502864,87.32843616977334 ,53.42399711608887,85.90777339989734 ,0.0,18:25:08 pm,1663678508866
-1.2808979 ,0.8858546 ,8.300697,23.540643034502864,87.32843616977334 ,53.42399711608887,85.90777339989734 ,0.0,18:25:08 pm,1663678508869
-0.78290397 ,0.7182605 ,7.8050976,23.540643034502864,87.32843616977334 ,53.42399711608887,85.90777339989734 ,0.0,18:25:08 pm,1663678508874
-0.79487497 ,0.6847417 ,7.323863,23.540643034502864,87.32843616977334 ,53.42399711608887,85.90777339989734 ,0.0,18:25:08 pm,1663678508888
-0.7350199 ,0.78290397 ,8.003817,23.540643034502864,87.32843616977334 ,53.42399711608887,85.90777339989734 ,0.0,18:25:08 pm,1663678508891
-0.81881696 ,0.8714894 ,8.870518,23.540643034502864,87.32843616977334 ,53.42399711608887,85.90777339989734 ,0.0,18:25:08 pm,1663678508892
-1.0366893 ,0.7733272 ,9.239224,23.540643034502864,87.32843616977334 ,53.42399711608887,85.90777339989734 ,0.0,18:25:08 pm,1663678508895
-1.2162545 ,0.6703765 ,9.67018,23.540643034502864,87.32843616977334 ,53.42399711608887,85.90777339989734 ,0.0,18:25:08 pm,1663678508901
-1.3000516 ,0.6655881 ,10.031705,23.540643034502864,87.32843616977334 ,53.42399711608887,85.90777339989734 ,0.0,18:25:08 pm,1663678508904
-1.2689269 ,0.60812724 ,9.890448,23.540643034502864,87.32843616977334 ,53.42399711608887,85.90777339989734 ,0.0,18:25:08 pm,1663678508911
-1.4437037 ,0.5650316 ,9.782708,23.540643034502864,87.32843616977334 ,53.42399711608887,85.90777339989734 ,0.0,18:25:08 pm,1663678508916
-1.6448165 ,0.4189853 ,9.512163,23.54071205947548,87.32830993831158 ,54.07199821472168,85.90777339989734 ,0.0,18:25:08 pm,1663678508919
-1.340753 ,0.29927522 ,9.313444,23.54071205947548,87.32830993831158 ,54.07199821472168,85.90777339989734 ,0.0,18:25:08 pm,1663678508923
-0.7230489 ,0.5315128 ,10.235212,23.54071205947548,87.32830993831158 ,54.07199821472168,85.90777339989734 ,0.0,18:25:08 pm,1663678508933
-0.62009823 ,0.6967127 ,10.800244,23.54071205947548,87.32830993831158 ,54.07199821472168,85.90777339989734 ,0.0,18:25:08 pm,1663678508935
-0.7062895 ,0.6440403 ,10.802638,23.54071205947548,87.32830993831158 ,54.07199821472168,85.90777339989734 ,0.0,18:25:08 pm,1663678508939
-0.93134445 ,0.6631939 ,10.589554,23.54071205947548,87.32830993831158 ,54.07199821472168,85.90777339989734 ,0.0,18:25:08 pm,1663678508944
-1.1348516 ,0.80205756 ,10.342952,23.54071205947548,87.32830993831158 ,54.07199821472168,85.90777339989734 ,0.0,18:25:08 pm,1663678508950
-1.091756 ,1.0031705 ,9.749189,23.54071205947548,87.32830993831158 ,54.07199821472168,85.90777339989734 ,0.0,18:25:08 pm,1663678508955
-0.8834604 ,1.1587936 ,9.457097,23.54071205947548,87.32830993831158 ,54.07199821472168,85.90777339989734 ,0.0,18:25:08 pm,1663678508959
-0.40222588 ,1.2521675 ,9.490616,23.54071205947548,87.32830993831158 ,54.07199821472168,85.90777339989734 ,0.0,18:25:08 pm,1663678508966
-0.22026655 ,1.3623008 ,8.554482,23.54071205947548,87.32830993831158 ,54.07199821472168,85.90777339989734 ,0.0,18:25:08 pm,1663678508970
-0.30166942 ,1.4628572 ,8.157045,23.54071205947548,87.32830993831158 ,54.07199821472168,85.90777339989734 ,0.0,18:25:08 pm,1663678508974
-0.24899697 ,1.412579 ,8.286332,23.54071205947548,87.32830993831158 ,54.07199821472168,85.90777339989734 ,0.0,18:25:08 pm,1663678508983
-0.16280572 ,1.271321 ,7.872135,23.54071205947548,87.32830993831158 ,54.07199821472168,85.90777339989734 ,0.0,18:25:08 pm,1663678508986
-0.29448682 ,1.1468226 ,6.897695,23.54071205947548,87.32830993831158 ,54.07199821472168,85.90777339989734 ,0.0,18:25:08 pm,1663678508989
-0.20111294 ,1.1252748 ,8.190564,23.54071205947548,87.32830993831158 ,54.07199821472168,85.90777339989734 ,0.0,18:25:08 pm,1663678508995
-0.1364695 ,0.85473 ,10.515334,23.54071205947548,87.32830993831158 ,54.07199821472168,85.90777339989734 ,0.0,18:25:09 pm,1663678509001
-0.48602295 ,0.5434838 ,11.152191,23.54071205947548,87.32830993831158 ,54.07199821472168,85.90777339989734 ,0.0,18:25:09 pm,1663678509005
-0.641646 ,0.4141969 ,13.450625,23.54071205947548,87.32830993831158 ,54.07199821472168,85.90777339989734 ,0.0,18:25:09 pm,1663678509010
-1.2593501 ,0.5674258 ,14.008474,23.54071205947548,87.32830993831158 ,54.07199821472168,85.90777339989734 ,0.0,18:25:09 pm,1663678509016
-1.8148049 ,0.5410896 ,13.96059,23.54071205947548,87.32830993831158 ,54.07199821472168,85.90777339989734 ,0.0,18:25:09 pm,1663678509020
-1.9680338 ,0.47644615 ,13.24233,23.54071205947548,87.32830993831158 ,54.07199821472168,85.90777339989734 ,0.0,18:25:09 pm,1663678509025
-1.42455 ,0.5291186 ,12.672509,23.54071205947548,87.32830993831158 ,54.07199821472168,85.90777339989734 ,0.0,18:25:09 pm,1663678509033
-0.48362875 ,0.6751649 ,11.745954,23.54071205947548,87.32830993831158 ,54.07199821472168,85.90777339989734 ,0.0,18:25:09 pm,1663678509036
0.21308395 ,0.8571242 ,11.662156,23.54071205947548,87.32830993831158 ,54.07199821472168,85.90777339989734 ,0.0,18:25:09 pm,1663678509040
0.9648633 ,0.94570965 ,11.815386,23.54071205947548,87.32830993831158 ,54.07199821472168,85.90777339989734 ,0.0,18:25:09 pm,1663678509045
1.4915876 ,1.0749966 ,11.829751,23.54071205947548,87.32830993831158 ,54.07199821472168,85.90777339989734 ,0.0,18:25:09 pm,1663678509051
1.3790601 ,1.1444284 ,12.126632,23.54071205947548,87.32830993831158 ,54.07199821472168,85.90777339989734 ,0.0,18:25:09 pm,1663678509055
0.94810385 ,1.1851299 ,12.215217,23.54071205947548,87.32830993831158 ,54.07199821472168,85.90777339989734 ,0.0,18:25:09 pm,1663678509059
0.6943185 ,1.3144168 ,12.0332575,23.54071205947548,87.32830993831158 ,54.07199821472168,85.90777339989734 ,0.0,18:25:09 pm,1663678509066
0.62249243 ,1.4580688 ,11.269507,23.54071205947548,87.32830993831158 ,54.07199821472168,85.90777339989734 ,0.0,18:25:09 pm,1663678509071
0.4237737 ,1.661576 ,10.87207,23.54071205947548,87.32830993831158 ,54.07199821472168,85.90777339989734 ,0.0,18:25:09 pm,1663678509075
0.5554548 ,1.6783354 ,10.618284,23.54071205947548,87.32830993831158 ,54.07199821472168,85.90777339989734 ,0.0,18:25:09 pm,1663678509082
0.6440403 ,1.6065093 ,10.6398325,23.54071205947548,87.32830993831158 ,54.07199821472168,85.90777339989734 ,0.0,18:25:09 pm,1663678509086
0.39025488 ,1.5011644 ,10.606314,23.54071205947548,87.32830993831158 ,54.07199821472168,85.90777339989734 ,0.0,18:25:09 pm,1663678509089
0.20829555 ,1.3862427 ,10.510546,23.54071205947548,87.32830993831158 ,54.07199821472168,85.90777339989734 ,0.0,18:25:09 pm,1663678509095
-0.24660277 ,1.1923125 ,10.144233,23.54071205947548,87.32830993831158 ,54.07199821472168,85.90777339989734 ,0.0,18:25:09 pm,1663678509100
-0.60333884 ,1.103727 ,9.91439,23.54071205947548,87.32830993831158 ,54.07199821472168,85.90777339989734 ,0.0,18:25:09 pm,1663678509106
-0.830788 ,1.3072342 ,10.323798,23.54071205947548,87.32830993831158 ,54.07199821472168,80.86556464106975 ,0.0,18:25:09 pm,1663678509111
-0.7733272 ,1.5466543 ,10.055647,23.54071205947548,87.32830993831158 ,54.07199821472168,80.86556464106975 ,0.0,18:25:09 pm,1663678509116
-0.80924016 ,1.5729905 ,8.726865,23.54071205947548,87.32830993831158 ,54.07199821472168,80.86556464106975 ,0.0,18:25:09 pm,1663678509120
-0.6631939 ,1.4580688 ,7.9128366,23.54071205947548,87.32830993831158 ,54.07199821472168,80.86556464106975 ,0.0,18:25:09 pm,1663678509125
-0.39025488 ,1.484405 ,7.5800424,23.54071205947548,87.32830993831158 ,54.07199821472168,80.86556464106975 ,0.0,18:25:09 pm,1663678509133
0.055066638 ,1.448492 ,7.067683,23.54071205947548,87.32830993831158 ,54.07199821472168,80.86556464106975 ,0.0,18:25:09 pm,1663678509136
-0.04309563 ,1.283292 ,7.117962,23.54071205947548,87.32830993831158 ,54.07199821472168,80.86556464106975 ,0.0,18:25:09 pm,1663678509140
-0.23942018 ,1.1252748 ,8.111555,23.54071205947548,87.32830993831158 ,54.07199821472168,80.86556464106975 ,0.0,18:25:09 pm,1663678509146
-0.48602295 ,0.9983821 ,9.23683,23.54071205947548,87.32830993831158 ,54.07199821472168,80.86556464106975 ,0.0,18:25:09 pm,1663678509153
-0.8738836 ,0.82360536 ,10.216059,23.54071205947548,87.32830993831158 ,54.07199821472168,80.86556464106975 ,0.0,18:25:09 pm,1663678509155
-1.4748282 ,0.641646 ,10.912771,23.54071205947548,87.32830993831158 ,54.07199821472168,80.86556464106975 ,0.0,18:25:09 pm,1663678509160
