x,y,z,latitude,longitude,speed,sound,light,time,timestamp
-0.48123455 ,1.0869676 ,9.828198,23.535393783822656,87.33591307885945 ,21.85199890136719,70.81874833254733 ,0.0,17:39:48 pm,1663157388981
-0.22505496 ,1.3024458 ,9.078813,23.535393783822656,87.33591307885945 ,21.85199890136719,70.81874833254733 ,0.0,17:39:48 pm,1663157388985
-0.05746084 ,1.4293385 ,8.623915,23.535393783822656,87.33591307885945 ,21.85199890136719,70.81874833254733 ,0.0,17:39:48 pm,1663157388992
0.2825158 ,1.6160861 ,8.063671,23.535393783822656,87.33591307885945 ,21.85199890136719,70.81874833254733 ,0.0,17:39:48 pm,1663157388996
0.51954174 ,1.7429788 ,7.8410106,23.535393783822656,87.33591307885945 ,21.85199890136719,70.81874833254733 ,0.0,17:39:49 pm,1663157389001
0.7278373 ,1.8411411 ,7.603985,23.535393783822656,87.33591307885945 ,21.85199890136719,70.81874833254733 ,0.0,17:39:49 pm,1663157389007
0.9720459 ,1.922544 ,7.5321584,23.535393783822656,87.33591307885945 ,21.85199890136719,70.81874833254733 ,0.0,17:39:49 pm,1663157389011
1.079785 ,1.9536686 ,7.699753,23.535393783822656,87.33591307885945 ,21.85199890136719,70.81874833254733 ,0.0,17:39:49 pm,1663157389015
1.2354081 ,2.0015526 ,7.989451,23.535393783822656,87.33591307885945 ,21.85199890136719,70.81874833254733 ,0.0,17:39:49 pm,1663157389023
1.2593501 ,1.9488802 ,8.355764,23.535393783822656,87.33591307885945 ,21.85199890136719,70.81874833254733 ,0.0,17:39:49 pm,1663157389026
1.1420342 ,1.8435353 ,8.834604,23.535393783822656,87.33591307885945 ,21.85199890136719,70.81874833254733 ,0.0,17:39:49 pm,1663157389031
0.9840169 ,1.6759412 ,9.490616,23.535393783822656,87.33591307885945 ,21.85199890136719,70.81874833254733 ,0.0,17:39:49 pm,1663157389036
0.8283938 ,1.5346833 ,10.0987425,23.535393783822656,87.33591307885945 ,21.85199890136719,70.81874833254733 ,0.0,17:39:49 pm,1663157389042
0.61291564 ,1.3599066 ,10.630256,23.535393783822656,87.33591307885945 ,21.85199890136719,70.81874833254733 ,0.0,17:39:49 pm,1663157389045
0.4309563 ,1.2090719 ,11.051635,23.535393783822656,87.33591307885945 ,21.85199890136719,70.81874833254733 ,0.0,17:39:49 pm,1663157389051
0.23942018 ,1.0462662 ,11.310209,23.535393783822656,87.33591307885945 ,21.85199890136719,70.81874833254733 ,0.0,17:39:49 pm,1663157389057
0.0 ,0.8714894 ,11.391612,23.535393783822656,87.33591307885945 ,21.85199890136719,70.81874833254733 ,0.0,17:39:49 pm,1663157389061
-0.19153613 ,0.7350199 ,11.269507,23.535393783822656,87.33591307885945 ,21.85199890136719,70.81874833254733 ,0.0,17:39:49 pm,1663157389066
-0.41180268 ,0.5626374 ,11.003751,23.535393783822656,87.33591307885945 ,21.85199890136719,70.81874833254733 ,0.0,17:39:49 pm,1663157389073
-0.45968673 ,0.4261679 ,10.745177,23.535393783822656,87.33591307885945 ,21.85199890136719,70.81874833254733 ,0.0,17:39:49 pm,1663157389076
-0.5291186 ,0.2896984 ,10.548853,23.535393783822656,87.33591307885945 ,21.85199890136719,70.81874833254733 ,0.0,17:39:49 pm,1663157389081
-0.62488663 ,0.22266077 ,10.2735195,23.535393783822656,87.33591307885945 ,21.85199890136719,70.81874833254733 ,0.0,17:39:49 pm,1663157389086
-0.6655881 ,0.24660277 ,10.04607,23.535393783822656,87.33591307885945 ,21.85199890136719,70.81874833254733 ,0.0,17:39:49 pm,1663157389092
-0.6823475 ,0.34476504 ,9.809045,23.535393783822656,87.33591307885945 ,21.85199890136719,70.81874833254733 ,0.0,17:39:49 pm,1663157389097
-0.6607997 ,0.4429273 ,9.552865,23.535393783822656,87.33591307885945 ,21.85199890136719,70.81874833254733 ,0.0,17:39:49 pm,1663157389101
-0.557849 ,0.50038815 ,9.320627,23.535393783822656,87.33591307885945 ,21.85199890136719,70.81874833254733 ,0.0,17:39:49 pm,1663157389108
-0.40462008 ,0.5746084 ,9.11712,23.535393783822656,87.33591307885945 ,21.85199890136719,70.81874833254733 ,0.0,17:39:49 pm,1663157389111
-0.29448682 ,0.58418524 ,9.033323,23.535393783822656,87.33591307885945 ,21.85199890136719,70.81874833254733 ,0.0,17:39:49 pm,1663157389116
-0.19871874 ,0.6631939 ,9.018958,23.535393783822656,87.33591307885945 ,21.85199890136719,70.81874833254733 ,0.0,17:39:49 pm,1663157389123
-0.14604631 ,0.7134721 ,9.090784,23.535393783822656,87.33591307885945 ,21.85199890136719,70.81874833254733 ,0.0,17:39:49 pm,1663157389127
-0.047884032 ,0.78050977 ,9.119514,23.535393783822656,87.33591307885945 ,21.85199890136719,70.81874833254733 ,0.0,17:39:49 pm,1663157389132
0.055066638 ,0.8355764 ,9.186552,23.535393783822656,87.33591307885945 ,21.85199890136719,70.81874833254733 ,0.0,17:39:49 pm,1663157389140
0.10055647 ,0.80924016 ,9.193734,23.535393783822656,87.33591307885945 ,21.85199890136719,70.81874833254733 ,0.0,17:39:49 pm,1663157389143
0.06943185 ,0.6464345 ,9.294291,23.535393783822656,87.33591307885945 ,21.85199890136719,70.81874833254733 ,0.0,17:39:49 pm,1663157389147
0.04309563 ,0.4237737 ,9.52174,23.535393783822656,87.33591307885945 ,21.85199890136719,70.81874833254733 ,0.0,17:39:49 pm,1663157389151
0.007182605 ,0.18914193 ,9.888053,23.535393783822656,87.33591307885945 ,21.85199890136719,70.81874833254733 ,0.0,17:39:49 pm,1663157389158
-0.08379706 ,-0.06703765 ,10.500969,23.535393783822656,87.33591307885945 ,21.85199890136719,70.81874833254733 ,0.0,17:39:49 pm,1663157389162
-0.2657564 ,-0.1364695 ,11.152191,23.535393783822656,87.33591307885945 ,21.85199890136719,70.81874833254733 ,0.0,17:39:49 pm,1663157389167
-0.60094464 ,-0.18195933 ,11.923124,23.535393783822656,87.33591307885945 ,21.85199890136719,70.81874833254733 ,0.0,17:39:49 pm,1663157389173
-0.92416185 ,-0.18435353 ,12.471396,23.535393783822656,87.33591307885945 ,21.85199890136719,70.81874833254733 ,0.0,17:39:49 pm,1663157389177
-1.2473791 ,-0.23942018 ,12.964602,23.535393783822656,87.33591307885945 ,21.85199890136719,70.81874833254733 ,0.0,17:39:49 pm,1663157389181
-1.484405 ,-0.32800564 ,13.328521,23.535393783822656,87.33591307885945 ,21.85199890136719,70.81874833254733 ,0.0,17:39:49 pm,1663157389190
-1.5729905 ,-0.39264908 ,13.388376,23.535393783822656,87.33591307885945 ,21.85199890136719,70.81874833254733 ,0.0,17:39:49 pm,1663157389192
-1.4939818 ,-0.46686932 ,13.302185,23.535393783822656,87.33591307885945 ,21.85199890136719,70.81874833254733 ,0.0,17:39:49 pm,1663157389197
-1.328782 ,-0.37828386 ,13.089101,23.535393783822656,87.33591307885945 ,21.85199890136719,70.81874833254733 ,0.0,17:39:49 pm,1663157389201
-1.1492168 ,-0.22266077 ,12.727576,23.535393783822656,87.33591307885945 ,21.85199890136719,70.81874833254733 ,0.0,17:39:49 pm,1663157389209
-0.8499416 ,0.093373865 ,12.145785,23.535393783822656,87.33591307885945 ,21.85199890136719,70.81874833254733 ,0.0,17:39:49 pm,1663157389212
-0.545878 ,0.31364042 ,11.609484,23.535393783822656,87.33591307885945 ,21.85199890136719,70.81874833254733 ,0.0,17:39:49 pm,1663157389217
-0.272939 ,0.557849 ,10.94629,23.535393783822656,87.33591307885945 ,21.85199890136719,70.81874833254733 ,0.0,17:39:49 pm,1663157389223
0.059855044 ,0.8571242 ,10.426748,23.535393783822656,87.33591307885945 ,21.85199890136719,70.81874833254733 ,0.0,17:39:49 pm,1663157389227
0.28491 ,1.0821792 ,9.883265,23.535393783822656,87.33591307885945 ,21.85199890136719,70.81874833254733 ,0.0,17:39:49 pm,1663157389232
0.62249243 ,1.3431472 ,9.303867,23.535393783822656,87.33591307885945 ,21.85199890136719,70.81874833254733 ,0.0,17:39:49 pm,1663157389240
0.9672575 ,1.5610195 ,8.8777,23.535393783822656,87.33591307885945 ,21.85199890136719,70.81874833254733 ,0.0,17:39:49 pm,1663157389243
1.2066777 ,1.733402 ,8.513782,23.535393783822656,87.33591307885945 ,21.85199890136719,70.81874833254733 ,0.0,17:39:49 pm,1663157389247
1.4772224 ,1.8770541 ,8.3390045,23.535393783822656,87.33591307885945 ,21.85199890136719,70.81874833254733 ,0.0,17:39:49 pm,1663157389251
1.6496049 ,1.8626889 ,8.350976,23.535393783822656,87.33591307885945 ,21.85199890136719,70.81874833254733 ,0.0,17:39:49 pm,1663157389258
1.8243817 ,1.8028339 ,8.511387,23.535393783822656,87.33591307885945 ,21.85199890136719,70.81874833254733 ,0.0,17:39:49 pm,1663157389262
1.8195933 ,1.7286136 ,8.887277,23.535393783822656,87.33591307885945 ,21.85199890136719,70.81874833254733 ,0.0,17:39:49 pm,1663157389267
1.7118542 ,1.6519991 ,9.41879,23.535393783822656,87.33591307885945 ,21.85199890136719,70.81874833254733 ,0.0,17:39:49 pm,1663157389274
1.4269443 ,1.5251064 ,9.991004,23.535393783822656,87.33591307885945 ,21.85199890136719,70.81874833254733 ,0.0,17:39:49 pm,1663157389277
1.1348516 ,1.3575124 ,10.5680065,23.535393783822656,87.33591307885945 ,21.85199890136719,70.81874833254733 ,0.0,17:39:49 pm,1663157389283
0.7733272 ,1.1228806 ,11.118672,23.535393783822656,87.33591307885945 ,21.85199890136719,70.81874833254733 ,0.0,17:39:49 pm,1663157389291
0.45489833 ,0.9888053 ,11.408371,23.535393783822656,87.33591307885945 ,21.85199890136719,70.81874833254733 ,0.0,17:39:49 pm,1663157389293
0.16998832 ,0.8451532 ,11.523293,23.535393783822656,87.33591307885945 ,21.85199890136719,70.81874833254733 ,0.0,17:39:49 pm,1663157389297
-0.055066638 ,0.6991069 ,11.303026,23.535393783822656,87.33591307885945 ,21.85199890136719,70.81874833254733 ,0.0,17:39:49 pm,1663157389302
-0.11971009 ,0.6344634 ,10.936713,23.535393783822656,87.33591307885945 ,21.85199890136719,70.81874833254733 ,0.0,17:39:49 pm,1663157389309
-0.1436521 ,0.5267244 ,10.405201,23.535393783822656,87.33591307885945 ,21.85199890136719,70.81874833254733 ,0.0,17:39:49 pm,1663157389312
-0.107739076 ,0.4357447 ,9.964667,23.535393783822656,87.33591307885945 ,21.85199890136719,70.81874833254733 ,0.0,17:39:49 pm,1663157389318
-0.011971008 ,0.34237084 ,9.339781,23.535393783822656,87.33591307885945 ,21.85199890136719,70.81874833254733 ,0.0,17:39:49 pm,1663157389323
0.15083471 ,0.11971009 ,8.937555,23.535393783822656,87.33591307885945 ,21.85199890136719,70.81874833254733 ,0.0,17:39:49 pm,1663157389328
0.31603462 ,-0.035913024 ,8.659827,23.535393783822656,87.33591307885945 ,21.85199890136719,70.81874833254733 ,0.0,17:39:49 pm,1663157389332
0.47644615 ,-0.18435353 ,8.734048,23.535393783822656,87.33591307885945 ,21.85199890136719,70.81874833254733 ,0.0,17:39:49 pm,1663157389340
0.545878 ,-0.23942018 ,9.030929,23.535393783822656,87.33591307885945 ,21.85199890136719,70.81874833254733 ,0.0,17:39:49 pm,1663157389343
0.49559975 ,-0.2681506 ,9.562442,23.535393783822656,87.33591307885945 ,21.85199890136719,70.81874833254733 ,0.0,17:39:49 pm,1663157389347
0.40701428 ,-0.272939 ,10.079589,23.535393783822656,87.33591307885945 ,21.85199890136719,70.81874833254733 ,0.0,17:39:49 pm,1663157389353
0.4357447 ,-0.23702596 ,10.58716,23.535393783822656,87.33591307885945 ,21.85199890136719,70.81874833254733 ,0.0,17:39:49 pm,1663157389359
0.4357447 ,-0.10295067 ,11.061212,23.535393783822656,87.33591307885945 ,21.85199890136719,70.81874833254733 ,0.0,17:39:49 pm,1663157389363
0.50278234 ,0.04309563 ,11.209652,23.535393783822656,87.33591307885945 ,21.85199890136719,70.81874833254733 ,0.0,17:39:49 pm,1663157389367
0.58657944 ,0.20829555 ,11.190498,23.535393783822656,87.33591307885945 ,21.85199890136719,70.81874833254733 ,0.0,17:39:49 pm,1663157389374
0.7206547 ,0.4285621 ,10.8624935,23.535393783822656,87.33591307885945 ,21.85199890136719,70.81874833254733 ,0.0,17:39:49 pm,1663157389378
0.89543146 ,0.62488663 ,10.359711,23.535393783822656,87.33591307885945 ,21.85199890136719,70.81874833254733 ,0.0,17:39:49 pm,1663157389383
1.0223241 ,0.8475474 ,9.509769,23.535393783822656,87.33591307885945 ,21.85199890136719,70.81874833254733 ,0.0,17:39:49 pm,1663157389391
1.1300632 ,0.9911995 ,8.736442,23.535393783822656,87.33591307885945 ,21.85199890136719,70.81874833254733 ,0.0,17:39:49 pm,1663157389393
1.1803415 ,1.1109096 ,7.991845,23.535393783822656,87.33591307885945 ,21.85199890136719,70.81874833254733 ,0.0,17:39:49 pm,1663157389399
1.2162545 ,1.2689269 ,7.129933,23.535393783822656,87.33591307885945 ,21.85199890136719,70.81874833254733 ,0.0,17:39:49 pm,1663157389403
1.2090719 ,1.3838485 ,6.5098343,23.535393783822656,87.33591307885945 ,21.85199890136719,70.81874833254733 ,0.0,17:39:49 pm,1663157389409
1.2258313 ,1.4939818 ,5.9160724,23.535393783822656,87.33591307885945 ,21.85199890136719,70.81874833254733 ,0.0,17:39:49 pm,1663157389413
1.2569559 ,1.4628572 ,5.473145,23.535393783822656,87.33591307885945 ,21.85199890136719,70.81874833254733 ,0.0,17:39:49 pm,1663157389417
1.2880806 ,1.3335704 ,5.133168,23.535393783822656,87.33591307885945 ,21.85199890136719,69.04604361395216 ,0.0,17:39:49 pm,1663157389424
1.3072342 ,1.0271125 ,5.0182467,23.535393783822656,87.33591307885945 ,21.85199890136719,69.04604361395216 ,0.0,17:39:49 pm,1663157389428
1.2210429 ,0.7733272 ,5.3247046,23.535393783822656,87.33591307885945 ,21.85199890136719,69.04604361395216 ,0.0,17:39:49 pm,1663157389433
0.9576807 ,0.39983168 ,6.1866174,23.535393783822656,87.33591307885945 ,21.85199890136719,69.04604361395216 ,0.0,17:39:49 pm,1663157389440
0.62009823 ,0.1412579 ,7.240066,23.535393783822656,87.33591307885945 ,21.85199890136719,69.04604361395216 ,0.0,17:39:49 pm,1663157389443
0.2681506 ,-0.05746084 ,8.413225,23.535393783822656,87.33591307885945 ,21.85199890136719,69.04604361395216 ,0.0,17:39:49 pm,1663157389448
-0.1388637 ,-0.23463176 ,9.77792,23.535393783822656,87.33591307885945 ,21.85199890136719,69.04604361395216 ,0.0,17:39:49 pm,1663157389453
-0.50517654 ,-0.2873042 ,10.6637745,23.535393783822656,87.33591307885945 ,21.85199890136719,69.04604361395216 ,0.0,17:39:49 pm,1663157389460
-0.9983821 ,-0.2801216 ,11.575965,23.535393783822656,87.33591307885945 ,21.85199890136719,69.04604361395216 ,0.0,17:39:49 pm,1663157389463
-1.4269443 ,-0.29927522 ,11.997345,23.535393783822656,87.33591307885945 ,21.85199890136719,69.04604361395216 ,0.0,17:39:49 pm,1663157389468
-1.7621324 ,-0.31124622 ,12.071565,23.535393783822656,87.33591307885945 ,21.85199890136719,69.04604361395216 ,0.0,17:39:49 pm,1663157389475
-1.9512744 ,-0.2873042 ,11.647791,23.535393783822656,87.33591307885945 ,21.85199890136719,69.04604361395216 ,0.0,17:39:49 pm,1663157389478
