x,y,z,latitude,longitude,speed,sound,light,time,timestamp
-0.09816227 ,0.24420857 ,13.594277,23.53576371911913,87.33643191866577 ,13.823999691009522,63.22634445378426 ,0.0,17:39:37 pm,1663157377419
-0.2753332 ,0.24899697 ,13.498509,23.53576371911913,87.33643191866577 ,13.823999691009522,65.58710264375348 ,0.0,17:39:37 pm,1663157377427
-0.39504328 ,0.29927522 ,12.950237,23.53576371911913,87.33643191866577 ,13.823999691009522,65.58710264375348 ,0.0,17:39:37 pm,1663157377430
-0.30645782 ,0.4189853 ,12.212823,23.53576371911913,87.33643191866577 ,13.823999691009522,65.58710264375348 ,0.0,17:39:37 pm,1663157377434
-0.090979666 ,0.60094464 ,11.080365,23.53576371911913,87.33643191866577 ,13.823999691009522,65.58710264375348 ,0.0,17:39:37 pm,1663157377439
0.090979666 ,0.7733272 ,10.132261,23.53576371911913,87.33643191866577 ,13.823999691009522,65.58710264375348 ,0.0,17:39:37 pm,1663157377445
0.30885202 ,0.9696517 ,9.28232,23.53576371911913,87.33643191866577 ,13.823999691009522,65.58710264375348 ,0.0,17:39:37 pm,1663157377449
0.59615624 ,1.2234371 ,8.319851,23.53576371911913,87.33643191866577 ,13.823999691009522,65.58710264375348 ,0.0,17:39:37 pm,1663157377454
0.8283938 ,1.4173675 ,7.6231384,23.53576371911913,87.33643191866577 ,13.823999691009522,65.58710264375348 ,0.0,17:39:37 pm,1663157377461
1.0869676 ,1.5490485 ,6.9527617,23.53576371911913,87.33643191866577 ,13.823999691009522,65.58710264375348 ,0.0,17:39:37 pm,1663157377464
1.2665327 ,1.6256629 ,6.5385647,23.53576371911913,87.33643191866577 ,13.823999691009522,65.58710264375348 ,0.0,17:39:37 pm,1663157377469
1.3838485 ,1.6041151 ,6.3709707,23.53576371911913,87.33643191866577 ,13.823999691009522,65.58710264375348 ,0.0,17:39:37 pm,1663157377476
1.3670892 ,1.484405 ,6.4763155,23.53576371911913,87.33643191866577 ,13.823999691009522,65.58710264375348 ,0.0,17:39:37 pm,1663157377479
1.2258313 ,1.3335704 ,6.8929067,23.53576371911913,87.33643191866577 ,13.823999691009522,65.58710264375348 ,0.0,17:39:37 pm,1663157377484
1.0271125 ,1.1803415 ,7.8050976,23.53576371911913,87.33643191866577 ,13.823999691009522,65.58710264375348 ,0.0,17:39:37 pm,1663157377490
0.6895301 ,0.9696517 ,8.65025,23.53576371911913,87.33643191866577 ,13.823999691009522,65.58710264375348 ,0.0,17:39:37 pm,1663157377497
0.45729253 ,0.82360536 ,9.536105,23.53576371911913,87.33643191866577 ,13.823999691009522,65.58710264375348 ,0.0,17:39:37 pm,1663157377499
0.18195933 ,0.6847417 ,10.493786,23.53576371911913,87.33643191866577 ,13.823999691009522,65.58710264375348 ,0.0,17:39:37 pm,1663157377504
-0.050278235 ,0.641646 ,11.113884,23.53576371911913,87.33643191866577 ,13.823999691009522,65.58710264375348 ,0.0,17:39:37 pm,1663157377511
-0.2705448 ,0.58657944 ,11.571177,23.53576371911913,87.33643191866577 ,13.823999691009522,65.58710264375348 ,0.0,17:39:37 pm,1663157377515
-0.46926352 ,0.50517654 ,11.657368,23.53576371911913,87.33643191866577 ,13.823999691009522,65.58710264375348 ,0.0,17:39:37 pm,1663157377519
-0.521936 ,0.4285621 ,11.528081,23.53576371911913,87.33643191866577 ,13.823999691009522,65.58710264375348 ,0.0,17:39:37 pm,1663157377527
-0.5482722 ,0.40940848 ,11.123461,23.53576371911913,87.33643191866577 ,13.823999691009522,65.58710264375348 ,0.0,17:39:37 pm,1663157377529
-0.61052144 ,0.41180268 ,10.6398325,23.53576371911913,87.33643191866577 ,13.823999691009522,65.58710264375348 ,0.0,17:39:37 pm,1663157377535
-0.63206923 ,0.47405192 ,9.797073,23.53576371911913,87.33643191866577 ,13.823999691009522,65.58710264375348 ,0.0,17:39:37 pm,1663157377540
-0.5674258 ,0.61052144 ,9.19134,23.53576371911913,87.33643191866577 ,13.823999691009522,65.58710264375348 ,0.0,17:39:37 pm,1663157377546
-0.45010993 ,0.7038953 ,8.607155,23.53576371911913,87.33643191866577 ,13.823999691009522,65.58710264375348 ,0.0,17:39:37 pm,1663157377550
-0.30885202 ,0.8475474 ,7.9487495,23.53576371911913,87.33643191866577 ,13.823999691009522,65.58710264375348 ,0.0,17:39:37 pm,1663157377555
-0.17717093 ,0.93373865 ,7.489063,23.53576371911913,87.33643191866577 ,13.823999691009522,65.58710264375348 ,0.0,17:39:37 pm,1663157377561
-0.062249243 ,0.9744401 ,7.0581064,23.53576371911913,87.33643191866577 ,13.823999691009522,65.58710264375348 ,0.0,17:39:37 pm,1663157377565
0.1316811 ,1.0510546 ,6.9000893,23.53576371911913,87.33643191866577 ,13.823999691009522,65.58710264375348 ,0.0,17:39:37 pm,1663157377570
0.22026655 ,1.1061212 ,6.8929067,23.53576371911913,87.33643191866577 ,13.823999691009522,65.58710264375348 ,0.0,17:39:37 pm,1663157377578
0.272939 ,1.2018893 ,7.1395097,23.53576371911913,87.33643191866577 ,13.823999691009522,65.58710264375348 ,0.0,17:39:37 pm,1663157377581
0.23702596 ,1.2545617 ,7.560889,23.53576371911913,87.33643191866577 ,13.823999691009522,65.58710264375348 ,0.0,17:39:37 pm,1663157377585
0.1436521 ,1.3024458 ,8.135497,23.53576371911913,87.33643191866577 ,13.823999691009522,65.58710264375348 ,0.0,17:39:37 pm,1663157377590
-0.023942016 ,1.2976574 ,8.599973,23.53576371911913,87.33643191866577 ,13.823999691009522,65.58710264375348 ,0.0,17:39:37 pm,1663157377596
-0.1340753 ,1.2976574 ,9.018958,23.53576371911913,87.33643191866577 ,13.823999691009522,65.58710264375348 ,0.0,17:39:37 pm,1663157377600
-0.18914193 ,1.2689269 ,9.433155,23.53576371911913,87.33643191866577 ,13.823999691009522,65.58710264375348 ,0.0,17:39:37 pm,1663157377605
-0.22026655 ,1.2114661 ,9.651027,23.53576371911913,87.33643191866577 ,13.823999691009522,65.58710264375348 ,0.0,17:39:37 pm,1663157377612
-0.25139117 ,1.1348516 ,9.947908,23.53576371911913,87.33643191866577 ,13.823999691009522,65.58710264375348 ,0.0,17:39:37 pm,1663157377615
-0.25617957 ,1.0295067 ,10.139444,23.53576371911913,87.33643191866577 ,13.823999691009522,65.58710264375348 ,0.0,17:39:37 pm,1663157377621
-0.22984336 ,0.91697925 ,10.3214035,23.53576371911913,87.33643191866577 ,13.823999691009522,65.58710264375348 ,0.0,17:39:37 pm,1663157377628
-0.18195933 ,0.7565677 ,10.553641,23.53576371911913,87.33643191866577 ,13.823999691009522,65.58710264375348 ,0.0,17:39:37 pm,1663157377630
-0.11971009 ,0.61291564 ,10.673351,23.53576371911913,87.33643191866577 ,13.823999691009522,65.58710264375348 ,0.0,17:39:37 pm,1663157377635
-0.107739076 ,0.4405331 ,10.809821,23.53576371911913,87.33643191866577 ,13.823999691009522,65.58710264375348 ,0.0,17:39:37 pm,1663157377644
-0.11252748 ,0.2873042 ,10.8864355,23.53576371911913,87.33643191866577 ,13.823999691009522,65.58710264375348 ,0.0,17:39:37 pm,1663157377647
-0.11492168 ,0.20350714 ,10.9343195,23.53576371911913,87.33643191866577 ,13.823999691009522,65.58710264375348 ,0.0,17:39:37 pm,1663157377650
-0.033518825 ,0.15562311 ,10.919954,23.53576371911913,87.33643191866577 ,13.823999691009522,65.58710264375348 ,0.0,17:39:37 pm,1663157377655
0.06943185 ,0.1412579 ,10.874464,23.53576371911913,87.33643191866577 ,13.823999691009522,65.58710264375348 ,0.0,17:39:37 pm,1663157377662
0.14844051 ,0.12689269 ,10.754754,23.53576371911913,87.33643191866577 ,13.823999691009522,65.58710264375348 ,0.0,17:39:37 pm,1663157377665
0.23463176 ,0.16759412 ,10.603919,23.53576371911913,87.33643191866577 ,13.823999691009522,65.58710264375348 ,0.0,17:39:37 pm,1663157377670
0.2896984 ,0.19871874 ,10.517728,23.53576371911913,87.33643191866577 ,13.823999691009522,65.58710264375348 ,0.0,17:39:37 pm,1663157377677
0.37110126 ,0.29209262 ,10.498574,23.53576371911913,87.33643191866577 ,13.823999691009522,65.58710264375348 ,0.0,17:39:37 pm,1663157377681
0.4189853 ,0.4261679 ,10.505757,23.53576371911913,87.33643191866577 ,13.823999691009522,65.58710264375348 ,0.0,17:39:37 pm,1663157377685
0.45250413 ,0.5722142 ,10.505757,23.53576371911913,87.33643191866577 ,13.823999691009522,65.58710264375348 ,0.0,17:39:37 pm,1663157377690
0.5506664 ,0.7350199 ,10.431537,23.53576371911913,87.33643191866577 ,13.823999691009522,65.58710264375348 ,0.0,17:39:37 pm,1663157377697
0.61770403 ,0.842759 ,10.316615,23.53576371911913,87.33643191866577 ,13.823999691009522,65.58710264375348 ,0.0,17:39:37 pm,1663157377701
0.6775591 ,0.89782566 ,10.160992,23.53576371911913,87.33643191866577 ,13.823999691009522,65.58710264375348 ,0.0,17:39:37 pm,1663157377706
0.6751649 ,0.93852705 ,10.053253,23.53576371911913,87.33643191866577 ,13.823999691009522,65.58710264375348 ,0.0,17:39:37 pm,1663157377712
0.62967503 ,0.9720459 ,9.993398,23.53576371911913,87.33643191866577 ,13.823999691009522,65.58710264375348 ,0.0,17:39:37 pm,1663157377716
0.59855044 ,0.9552865 ,9.967062,23.53576371911913,87.33643191866577 ,13.823999691009522,65.58710264375348 ,0.0,17:39:37 pm,1663157377721
0.59136784 ,0.94331545 ,9.991004,23.53576371911913,87.33643191866577 ,13.823999691009522,65.58710264375348 ,0.0,17:39:37 pm,1663157377728
0.50517654 ,0.93134445 ,9.9790325,23.53576371911913,87.33643191866577 ,13.823999691009522,65.58710264375348 ,0.0,17:39:37 pm,1663157377731
0.48123455 ,0.94810385 ,10.053253,23.53576371911913,87.33643191866577 ,13.823999691009522,65.58710264375348 ,0.0,17:39:37 pm,1663157377736
0.47165772 ,0.94570965 ,10.168175,23.53576371911913,87.33643191866577 ,13.823999691009522,65.58710264375348 ,0.0,17:39:37 pm,1663157377744
0.50278234 ,0.91219085 ,10.333375,23.53576371911913,87.33643191866577 ,13.823999691009522,65.58710264375348 ,0.0,17:39:37 pm,1663157377747
0.533907 ,0.8451532 ,10.474632,23.53576371911913,87.33643191866577 ,13.823999691009522,65.58710264375348 ,0.0,17:39:37 pm,1663157377751
0.5746084 ,0.7757214 ,10.560823,23.53576371911913,87.33643191866577 ,13.823999691009522,65.58710264375348 ,0.0,17:39:37 pm,1663157377756
0.63206923 ,0.7517793 ,10.589554,23.53576371911913,87.33643191866577 ,13.823999691009522,65.58710264375348 ,0.0,17:39:37 pm,1663157377762
0.581791 ,0.7086837 ,10.599131,23.53576371911913,87.33643191866577 ,13.823999691009522,65.58710264375348 ,0.0,17:39:37 pm,1663157377765
0.5482722 ,0.6823475 ,10.55843,23.53576371911913,87.33643191866577 ,13.823999691009522,65.58710264375348 ,0.0,17:39:37 pm,1663157377771
0.49799395 ,0.6512229 ,10.5440645,23.53576371911913,87.33643191866577 ,13.823999691009522,65.58710264375348 ,0.0,17:39:37 pm,1663157377776
0.4285621 ,0.6536171 ,10.493786,23.53576371911913,87.33643191866577 ,13.823999691009522,65.58710264375348 ,0.0,17:39:37 pm,1663157377781
0.36631286 ,0.6679823 ,10.441113,23.53576371911913,87.33643191866577 ,13.823999691009522,65.58710264375348 ,0.0,17:39:37 pm,1663157377785
0.24660277 ,0.7086837 ,10.3692875,23.53576371911913,87.33643191866577 ,13.823999691009522,65.58710264375348 ,0.0,17:39:37 pm,1663157377793
0.11252748 ,0.7326257 ,10.240001,23.53576371911913,87.33643191866577 ,13.823999691009522,65.58710264375348 ,0.0,17:39:37 pm,1663157377796
0.019153614 ,0.7589619 ,10.070012,23.53576371911913,87.33643191866577 ,13.823999691009522,65.58710264375348 ,0.0,17:39:37 pm,1663157377801
-0.02633622 ,0.79487497 ,9.830592,23.53576371911913,87.33643191866577 ,13.823999691009522,65.58710264375348 ,0.0,17:39:37 pm,1663157377806
-0.059855044 ,0.8738836 ,9.696517,23.53576371911913,87.33643191866577 ,13.823999691009522,65.58710264375348 ,0.0,17:39:37 pm,1663157377812
-0.08140286 ,0.9528923 ,9.576807,23.53576371911913,87.33643191866577 ,13.823999691009522,65.58710264375348 ,0.0,17:39:37 pm,1663157377816
-0.095768064 ,1.0127473 ,9.3661175,23.53576371911913,87.33643191866577 ,13.823999691009522,65.58710264375348 ,0.0,17:39:37 pm,1663157377822
-0.074220255 ,1.0414777 ,9.208099,23.53576371911913,87.33643191866577 ,13.823999691009522,65.58710264375348 ,0.0,17:39:37 pm,1663157377828
-0.06464344 ,1.055843 ,9.0476885,23.53576371911913,87.33643191866577 ,13.823999691009522,65.58710264375348 ,0.0,17:39:37 pm,1663157377831
0.023942016 ,1.0654198 ,8.985439,23.53576371911913,87.33643191866577 ,13.823999691009522,65.58710264375348 ,0.0,17:39:37 pm,1663157377837
0.06943185 ,1.1061212 ,9.02614,23.53576371911913,87.33643191866577 ,13.823999691009522,65.58710264375348 ,0.0,17:39:37 pm,1663157377845
0.12689269 ,1.1252748 ,9.23683,23.53576371911913,87.33643191866577 ,13.823999691009522,65.58710264375348 ,0.0,17:39:37 pm,1663157377847
0.17717093 ,1.13964 ,9.435549,23.53576371911913,87.33643191866577 ,13.823999691009522,65.58710264375348 ,0.0,17:39:37 pm,1663157377851
0.15322891 ,1.115698 ,9.694122,23.53576371911913,87.33643191866577 ,13.823999691009522,65.58710264375348 ,0.0,17:39:37 pm,1663157377856
0.08140286 ,1.1109096 ,9.91439,23.53576371911913,87.33643191866577 ,13.823999691009522,65.58710264375348 ,0.0,17:39:37 pm,1663157377863
0.035913024 ,1.0989386 ,10.129868,23.53576371911913,87.33643191866577 ,13.823999691009522,65.58710264375348 ,0.0,17:39:37 pm,1663157377867
-0.05267244 ,1.1133038 ,10.481815,23.53576371911913,87.33643191866577 ,13.823999691009522,65.58710264375348 ,0.0,17:39:37 pm,1663157377872
-0.11971009 ,1.1109096 ,10.783484,23.53576371911913,87.33643191866577 ,13.823999691009522,65.58710264375348 ,0.0,17:39:37 pm,1663157377883
-0.23942018 ,1.1587936 ,11.099519,23.53576371911913,87.33643191866577 ,13.823999691009522,65.58710264375348 ,0.0,17:39:37 pm,1663157377887
-0.38067806 ,1.2378023 ,11.216835,23.53576371911913,87.33643191866577 ,13.823999691009522,65.58710264375348 ,0.0,17:39:37 pm,1663157377889
-0.45968673 ,1.3072342 ,11.192893,23.53576371911913,87.33643191866577 ,13.823999691009522,65.58710264375348 ,0.0,17:39:37 pm,1663157377892
-0.5554548 ,1.4101849 ,10.912771,23.53576371911913,87.33643191866577 ,13.823999691009522,65.58710264375348 ,0.0,17:39:37 pm,1663157377900
-0.5410896 ,1.4915876 ,10.503363,23.53576371911913,87.33643191866577 ,13.823999691009522,65.58710264375348 ,0.0,17:39:37 pm,1663157377904
-0.48362875 ,1.6304513 ,9.854534,23.53576371911913,87.33643191866577 ,13.823999691009522,66.22258674685963 ,0.0,17:39:37 pm,1663157377909
-0.4213795 ,1.7429788 ,9.346964,23.53576371911913,87.33643191866577 ,13.823999691009522,66.22258674685963 ,0.0,17:39:37 pm,1663157377915
-0.39025488 ,1.8866309 ,8.90643,23.53576371911913,87.33643191866577 ,13.823999691009522,66.22258674685963 ,0.0,17:39:37 pm,1663157377918
