x,y,z,latitude,longitude,speed,sound,light,time,timestamp
0.6871359 ,0.33997664 ,10.266336,23.514968007802963,87.33369229361415 ,17.712000274658205,64.86550578987793 ,0.0,18:22:55 pm,1663159975612
0.5746084 ,0.23702596 ,10.462662,23.514968007802963,87.33369229361415 ,17.712000274658205,64.86550578987793 ,0.0,18:22:55 pm,1663159975617
0.38307226 ,0.10295067 ,10.651803,23.514968007802963,87.33369229361415 ,17.712000274658205,64.86550578987793 ,0.0,18:22:55 pm,1663159975622
0.24420857 ,0.031124622 ,10.749966,23.514968007802963,87.33369229361415 ,17.712000274658205,64.86550578987793 ,0.0,18:22:55 pm,1663159975627
0.14604631 ,0.021547815 ,10.809821,23.514968007802963,87.33369229361415 ,17.712000274658205,64.86550578987793 ,0.0,18:22:55 pm,1663159975632
0.023942016 ,0.088585466 ,10.884041,23.514968007802963,87.33369229361415 ,17.712000274658205,64.86550578987793 ,0.0,18:22:55 pm,1663159975637
0.0 ,0.15801731 ,10.907983,23.514968007802963,87.33369229361415 ,17.712000274658205,64.86550578987793 ,0.0,18:22:55 pm,1663159975642
0.08619126 ,0.260968 ,10.805033,23.514968007802963,87.33369229361415 ,17.712000274658205,64.86550578987793 ,0.0,18:22:55 pm,1663159975647
0.20829555 ,0.34237084 ,10.623073,23.514968007802963,87.33369229361415 ,17.712000274658205,64.86550578987793 ,0.0,18:22:55 pm,1663159975653
0.37828386 ,0.4261679 ,10.388441,23.514968007802963,87.33369229361415 ,17.712000274658205,64.86550578987793 ,0.0,18:22:55 pm,1663159975657
0.59136784 ,0.521936 ,10.151415,23.514968007802963,87.33369229361415 ,17.712000274658205,64.86550578987793 ,0.0,18:22:55 pm,1663159975662
0.7254431 ,0.58657944 ,9.995792,23.514968007802963,87.33369229361415 ,17.712000274658205,64.86550578987793 ,0.0,18:22:55 pm,1663159975668
0.8595184 ,0.6703765 ,9.883265,23.514968007802963,87.33369229361415 ,17.712000274658205,64.86550578987793 ,0.0,18:22:55 pm,1663159975672
0.92176765 ,0.7422025 ,9.828198,23.514968007802963,87.33369229361415 ,17.712000274658205,64.86550578987793 ,0.0,18:22:55 pm,1663159975677
0.9576807 ,0.81881696 ,9.849746,23.514968007802963,87.33369229361415 ,17.712000274658205,64.86550578987793 ,0.0,18:22:55 pm,1663159975683
0.9504981 ,0.90740246 ,9.923966,23.514968007802963,87.33369229361415 ,17.712000274658205,64.86550578987793 ,0.0,18:22:55 pm,1663159975688
0.92895025 ,0.9600749 ,9.959879,23.514968007802963,87.33369229361415 ,17.712000274658205,64.86550578987793 ,0.0,18:22:55 pm,1663159975693
0.90021986 ,1.0103531 ,9.964667,23.514968007802963,87.33369229361415 ,17.712000274658205,64.86550578987793 ,0.0,18:22:55 pm,1663159975698
0.89782566 ,1.067814 ,9.921572,23.514968007802963,87.33369229361415 ,17.712000274658205,64.86550578987793 ,0.0,18:22:55 pm,1663159975703
0.8714894 ,1.0941502 ,9.763555,23.514968007802963,87.33369229361415 ,17.712000274658205,64.86550578987793 ,0.0,18:22:55 pm,1663159975708
0.8690952 ,1.115698 ,9.43076,23.514968007802963,87.33369229361415 ,17.712000274658205,64.86550578987793 ,0.0,18:22:55 pm,1663159975713
0.8619126 ,1.1587936 ,9.179369,23.514968007802963,87.33369229361415 ,17.712000274658205,64.86550578987793 ,0.0,18:22:55 pm,1663159975718
0.89064306 ,1.1875241 ,8.860941,23.514968007802963,87.33369229361415 ,17.712000274658205,64.86550578987793 ,0.0,18:22:55 pm,1663159975722
0.9528923 ,1.2138603 ,8.700529,23.514968007802963,87.33369229361415 ,17.712000274658205,64.86550578987793 ,0.0,18:22:55 pm,1663159975727
1.0319009 ,1.1923125 ,8.631097,23.514968007802963,87.33369229361415 ,17.712000274658205,64.86550578987793 ,0.0,18:22:55 pm,1663159975735
1.055843 ,1.1492168 ,8.576031,23.514968007802963,87.33369229361415 ,17.712000274658205,64.86550578987793 ,0.0,18:22:55 pm,1663159975737
1.055843 ,1.091756 ,8.702923,23.514968007802963,87.33369229361415 ,17.712000274658205,64.86550578987793 ,0.0,18:22:55 pm,1663159975743
1.067814 ,1.0079589 ,8.987833,23.514968007802963,87.33369229361415 ,17.712000274658205,64.86550578987793 ,0.0,18:22:55 pm,1663159975748
1.0366893 ,0.90500826 ,9.251195,23.514968007802963,87.33369229361415 ,17.712000274658205,64.86550578987793 ,0.0,18:22:55 pm,1663159975754
0.94810385 ,0.80205756 ,9.560047,23.514968007802963,87.33369229361415 ,17.712000274658205,64.86550578987793 ,0.0,18:22:55 pm,1663159975758
0.7781156 ,0.6823475 ,10.117896,23.514968007802963,87.33369229361415 ,17.712000274658205,64.86550578987793 ,0.0,18:22:55 pm,1663159975763
0.62728083 ,0.61770403 ,10.443508,23.514968007802963,87.33369229361415 ,17.712000274658205,64.86550578987793 ,0.0,18:22:55 pm,1663159975769
0.49799395 ,0.5482722 ,10.737994,23.514968007802963,87.33369229361415 ,17.712000274658205,64.86550578987793 ,0.0,18:22:55 pm,1663159975773
0.41180268 ,0.5363012 ,10.790668,23.514968007802963,87.33369229361415 ,17.712000274658205,64.86550578987793 ,0.0,18:22:55 pm,1663159975778
0.35673606 ,0.5291186 ,10.726024,23.514968007802963,87.33369229361415 ,17.712000274658205,64.86550578987793 ,0.0,18:22:55 pm,1663159975784
0.2873042 ,0.5530606 ,10.656591,23.514968007802963,87.33369229361415 ,17.712000274658205,64.86550578987793 ,0.0,18:22:55 pm,1663159975788
0.2705448 ,0.59136784 ,10.462662,23.514968007802963,87.33369229361415 ,17.712000274658205,64.86550578987793 ,0.0,18:22:55 pm,1663159975793
0.2681506 ,0.62488663 ,10.187328,23.514968007802963,87.33369229361415 ,17.712000274658205,64.86550578987793 ,0.0,18:22:55 pm,1663159975798
0.2681506 ,0.59855044 ,9.969456,23.514968007802963,87.33369229361415 ,17.712000274658205,64.86550578987793 ,0.0,18:22:55 pm,1663159975804
0.2777274 ,0.581791 ,9.727641,23.514968007802963,87.33369229361415 ,17.712000274658205,64.86550578987793 ,0.0,18:22:55 pm,1663159975808
0.39264908 ,0.61052144 ,9.603143,23.514968007802963,87.33369229361415 ,17.712000274658205,64.86550578987793 ,0.0,18:22:55 pm,1663159975813
0.45968673 ,0.59615624 ,9.531317,23.514968007802963,87.33369229361415 ,17.712000274658205,64.86550578987793 ,0.0,18:22:55 pm,1663159975819
0.49799395 ,0.5793968 ,9.500193,23.514968007802963,87.33369229361415 ,17.712000274658205,64.86550578987793 ,0.0,18:22:55 pm,1663159975823
0.4405331 ,0.58897364 ,9.569624,23.514968007802963,87.33369229361415 ,17.712000274658205,64.86550578987793 ,0.0,18:22:55 pm,1663159975828
0.36391866 ,0.60333884 ,9.725247,23.514968007802963,87.33369229361415 ,17.712000274658205,64.86550578987793 ,0.0,18:22:55 pm,1663159975835
0.18914193 ,0.6823475 ,9.907207,23.514968007802963,87.33369229361415 ,17.712000274658205,64.86550578987793 ,0.0,18:22:55 pm,1663159975838
0.08379706 ,0.7565677 ,10.0029745,23.514968007802963,87.33369229361415 ,17.712000274658205,64.86550578987793 ,0.0,18:22:55 pm,1663159975843
-0.016759412 ,0.8834604 ,10.010158,23.514968007802963,87.33369229361415 ,17.712000274658205,64.86550578987793 ,0.0,18:22:55 pm,1663159975848
-0.038307227 ,0.9983821 ,9.9550905,23.514968007802963,87.33369229361415 ,17.712000274658205,64.86550578987793 ,0.0,18:22:55 pm,1663159975855
-0.0023942017 ,1.1109096 ,9.854534,23.514968007802963,87.33369229361415 ,17.712000274658205,64.86550578987793 ,0.0,18:22:55 pm,1663159975859
0.08379706 ,1.2737153 ,9.76116,23.514968007802963,87.33369229361415 ,17.712000274658205,64.86550578987793 ,0.0,18:22:55 pm,1663159975863
0.21547815 ,1.3575124 ,9.727641,23.514968007802963,87.33369229361415 ,17.712000274658205,64.86550578987793 ,0.0,18:22:55 pm,1663159975869
0.33039984 ,1.4580688 ,9.701305,23.514968007802963,87.33369229361415 ,17.712000274658205,64.86550578987793 ,0.0,18:22:55 pm,1663159975873
0.45010993 ,1.5466543 ,9.787497,23.514968007802963,87.33369229361415 ,17.712000274658205,64.86550578987793 ,0.0,18:22:55 pm,1663159975879
0.5434838 ,1.5897499 ,9.904813,23.514968007802963,87.33369229361415 ,17.712000274658205,64.86550578987793 ,0.0,18:22:55 pm,1663159975885
0.6392518 ,1.6328455 ,9.988609,23.514968007802963,87.33369229361415 ,17.712000274658205,64.86550578987793 ,0.0,18:22:55 pm,1663159975888
0.63206923 ,1.6711528 ,10.120291,23.514968007802963,87.33369229361415 ,17.712000274658205,64.86550578987793 ,0.0,18:22:55 pm,1663159975894
0.60812724 ,1.6927006 ,10.307038,23.514968007802963,87.33369229361415 ,17.712000274658205,64.86550578987793 ,0.0,18:22:55 pm,1663159975899
0.60812724 ,1.6950948 ,10.455479,23.51498858537525,87.33374183066189 ,17.89199924468994,64.86550578987793 ,0.0,18:22:55 pm,1663159975904
0.59855044 ,1.6879122 ,10.496181,23.51498858537525,87.33374183066189 ,17.89199924468994,64.86550578987793 ,0.0,18:22:55 pm,1663159975909
0.36391866 ,1.685518 ,10.515334,23.51498858537525,87.33374183066189 ,17.89199924468994,64.86550578987793 ,0.0,18:22:55 pm,1663159975913
0.1412579 ,1.745373 ,10.565612,23.51498858537525,87.33374183066189 ,17.89199924468994,64.86550578987793 ,0.0,18:22:55 pm,1663159975920
-0.1388637 ,1.9177556 ,10.625467,23.51498858537525,87.33374183066189 ,17.89199924468994,64.86550578987793 ,0.0,18:22:55 pm,1663159975923
-0.29448682 ,2.0326772 ,10.462662,23.51498858537525,87.33374183066189 ,17.89199924468994,64.86550578987793 ,0.0,18:22:55 pm,1663159975929
-0.34715924 ,2.1068976 ,9.986216,23.51498858537525,87.33374183066189 ,17.89199924468994,63.493315297067994 ,0.0,18:22:55 pm,1663159975935
-0.3854665 ,2.1930888 ,9.478644,23.51498858537525,87.33374183066189 ,17.89199924468994,63.493315297067994 ,0.0,18:22:55 pm,1663159975939
-0.35434186 ,2.2816741 ,8.882488,23.51498858537525,87.33374183066189 ,17.89199924468994,63.493315297067994 ,0.0,18:22:55 pm,1663159975944
-0.37110126 ,2.3822308 ,8.149862,23.51498858537525,87.33374183066189 ,17.89199924468994,63.493315297067994 ,0.0,18:22:55 pm,1663159975948
-0.37828386 ,2.468422 ,7.606379,23.51498858537525,87.33374183066189 ,17.89199924468994,63.493315297067994 ,0.0,18:22:55 pm,1663159975955
-0.37110126 ,2.540248 ,6.993463,23.51498858537525,87.33374183066189 ,17.89199924468994,63.493315297067994 ,0.0,18:22:55 pm,1663159975959
-0.36152446 ,2.669535 ,6.622362,23.51498858537525,87.33374183066189 ,17.89199924468994,63.493315297067994 ,0.0,18:22:55 pm,1663159975964
-0.31603462 ,2.7389667 ,6.373365,23.51498858537525,87.33374183066189 ,17.89199924468994,63.493315297067994 ,0.0,18:22:55 pm,1663159975970
-0.24420857 ,2.80361 ,6.2847795,23.51498858537525,87.33374183066189 ,17.89199924468994,63.493315297067994 ,0.0,18:22:55 pm,1663159975974
-0.23463176 ,2.837129 ,6.411672,23.51498858537525,87.33374183066189 ,17.89199924468994,63.493315297067994 ,0.0,18:22:55 pm,1663159975979
-0.29209262 ,2.7940333 ,6.823475,23.51498858537525,87.33374183066189 ,17.89199924468994,63.493315297067994 ,0.0,18:22:55 pm,1663159975985
-0.31603462 ,2.6910827 ,7.2352777,23.51498858537525,87.33374183066189 ,17.89199924468994,63.493315297067994 ,0.0,18:22:55 pm,1663159975989
-0.34955344 ,2.5258827 ,7.7548194,23.51498858537525,87.33374183066189 ,17.89199924468994,63.493315297067994 ,0.0,18:22:55 pm,1663159975994
-0.46926352 ,2.2864625 ,8.437167,23.51498858537525,87.33374183066189 ,17.89199924468994,63.493315297067994 ,0.0,18:22:55 pm,1663159975999
-0.61530983 ,2.078167 ,9.057265,23.51498858537525,87.33374183066189 ,17.89199924468994,63.493315297067994 ,0.0,18:22:56 pm,1663159976005
-0.81642276 ,1.8722657 ,9.89763,23.51498858537525,87.33374183066189 ,17.89199924468994,63.493315297067994 ,0.0,18:22:56 pm,1663159976010
-0.9864111 ,1.7549498 ,10.553641,23.51498858537525,87.33374183066189 ,17.89199924468994,63.493315297067994 ,0.0,18:22:56 pm,1663159976015
-1.1587936 ,1.6543933 ,11.173739,23.51498858537525,87.33374183066189 ,17.89199924468994,63.493315297067994 ,0.0,18:22:56 pm,1663159976019
-1.3072342 ,1.5562311 ,11.69807,23.51498858537525,87.33374183066189 ,17.89199924468994,63.493315297067994 ,0.0,18:22:56 pm,1663159976024
-1.3718776 ,1.4796166 ,11.992557,23.51498858537525,87.33374183066189 ,17.89199924468994,63.493315297067994 ,0.0,18:22:56 pm,1663159976030
-1.3670892 ,1.3814543 ,12.174516,23.51498858537525,87.33374183066189 ,17.89199924468994,63.493315297067994 ,0.0,18:22:56 pm,1663159976035
-1.3599066 ,1.3694834 ,12.282255,23.51498858537525,87.33374183066189 ,17.89199924468994,63.493315297067994 ,0.0,18:22:56 pm,1663159976040
-1.352724 ,1.4053963 ,12.253524,23.51498858537525,87.33374183066189 ,17.89199924468994,63.493315297067994 ,0.0,18:22:56 pm,1663159976044
-1.3239936 ,1.5011644 ,11.956643,23.51498858537525,87.33374183066189 ,17.89199924468994,63.493315297067994 ,0.0,18:22:56 pm,1663159976052
-1.3000516 ,1.6160861 ,11.518504,23.51498858537525,87.33374183066189 ,17.89199924468994,63.493315297067994 ,0.0,18:22:56 pm,1663159976055
-1.1683705 ,1.757344 ,10.852917,23.51498858537525,87.33374183066189 ,17.89199924468994,63.493315297067994 ,0.0,18:22:56 pm,1663159976060
-1.0414777 ,1.8459295 ,10.309433,23.51498858537525,87.33374183066189 ,17.89199924468994,63.493315297067994 ,0.0,18:22:56 pm,1663159976064
-0.90021986 ,1.9776106 ,9.8042555,23.51498858537525,87.33374183066189 ,17.89199924468994,63.493315297067994 ,0.0,18:22:56 pm,1663159976071
-0.7398083 ,2.1260512 ,9.165004,23.51498858537525,87.33374183066189 ,17.89199924468994,63.493315297067994 ,0.0,18:22:56 pm,1663159976075
-0.58897364 ,2.2505496 ,8.748413,23.51498858537525,87.33374183066189 ,17.89199924468994,63.493315297067994 ,0.0,18:22:56 pm,1663159976080
-0.4333505 ,2.3654714 ,8.226477,23.51498858537525,87.33374183066189 ,17.89199924468994,63.493315297067994 ,0.0,18:22:56 pm,1663159976086
-0.39504328 ,2.4660277 ,7.9032598,23.51498858537525,87.33374183066189 ,17.89199924468994,63.493315297067994 ,0.0,18:22:56 pm,1663159976090
-0.39743748 ,2.56419 ,7.6973586,23.51498858537525,87.33374183066189 ,17.89199924468994,63.493315297067994 ,0.0,18:22:56 pm,1663159976095
-0.36391866 ,2.6312277 ,7.4507556,23.51498858537525,87.33374183066189 ,17.89199924468994,63.493315297067994 ,0.0,18:22:56 pm,1663159976101
-0.33758244 ,2.6839 ,7.3190746,23.51498858537525,87.33374183066189 ,17.89199924468994,63.493315297067994 ,0.0,18:22:56 pm,1663159976104
-0.24660277 ,2.6623523 ,7.2424603,23.51498858537525,87.33374183066189 ,17.89199924468994,63.493315297067994 ,0.0,18:22:56 pm,1663159976110
