x,y,z,latitude,longitude,speed,sound,light,time,timestamp
-0.7374141 ,1.1899183 ,11.003751,23.51494244299829,87.33359900303185 ,12.419999313354493,75.56523605345055 ,0.0,18:22:53 pm,1663159973601
-0.7278373 ,1.1755531 ,11.171345,23.51494244299829,87.33359900303185 ,12.419999313354493,75.56523605345055 ,0.0,18:22:53 pm,1663159973605
-0.641646 ,1.1683705 ,11.233594,23.51494244299829,87.33359900303185 ,12.419999313354493,75.56523605345055 ,0.0,18:22:53 pm,1663159973610
-0.5291186 ,1.1779473 ,11.200075,23.51494244299829,87.33359900303185 ,12.419999313354493,75.56523605345055 ,0.0,18:22:53 pm,1663159973616
-0.40940848 ,1.1563994 ,11.188105,23.51494244299829,87.33359900303185 ,12.419999313354493,75.56523605345055 ,0.0,18:22:53 pm,1663159973621
-0.35913026 ,1.163582 ,11.219229,23.51494244299829,87.33359900303185 ,12.419999313354493,75.56523605345055 ,0.0,18:22:53 pm,1663159973626
-0.30645782 ,1.1923125 ,11.317391,23.51494244299829,87.33359900303185 ,12.419999313354493,75.56523605345055 ,0.0,18:22:53 pm,1663159973632
-0.23702596 ,1.2306197 ,11.429919,23.51494244299829,87.33359900303185 ,12.419999313354493,75.56523605345055 ,0.0,18:22:53 pm,1663159973636
-0.18195933 ,1.2952632 ,11.425131,23.51494244299829,87.33359900303185 ,12.419999313354493,75.56523605345055 ,0.0,18:22:53 pm,1663159973641
-0.09816227 ,1.3790601 ,11.374852,23.51494244299829,87.33359900303185 ,12.419999313354493,75.56523605345055 ,0.0,18:22:53 pm,1663159973646
-0.05746084 ,1.4508862 ,11.209652,23.51494244299829,87.33359900303185 ,12.419999313354493,75.56523605345055 ,0.0,18:22:53 pm,1663159973652
-0.031124622 ,1.5801731 ,10.977415,23.51494244299829,87.33359900303185 ,12.419999313354493,75.56523605345055 ,0.0,18:22:53 pm,1663159973656
-0.074220255 ,1.697489 ,10.805033,23.51494244299829,87.33359900303185 ,12.419999313354493,75.56523605345055 ,0.0,18:22:53 pm,1663159973661
-0.12689269 ,1.8243817 ,10.606314,23.51494244299829,87.33359900303185 ,12.419999313354493,75.56523605345055 ,0.0,18:22:53 pm,1663159973666
-0.11971009 ,1.9608512 ,10.316615,23.51494244299829,87.33359900303185 ,12.419999313354493,75.56523605345055 ,0.0,18:22:53 pm,1663159973671
-0.038307227 ,2.0398598 ,9.921572,23.51494244299829,87.33359900303185 ,12.419999313354493,75.56523605345055 ,0.0,18:22:53 pm,1663159973676
0.11971009 ,2.1499932 ,9.323022,23.51494244299829,87.33359900303185 ,12.419999313354493,75.56523605345055 ,0.0,18:22:53 pm,1663159973682
0.23702596 ,2.2122424 ,8.870518,23.51494244299829,87.33359900303185 ,12.419999313354493,75.56523605345055 ,0.0,18:22:53 pm,1663159973687
0.34955344 ,2.2361844 ,8.585608,23.51494244299829,87.33359900303185 ,12.419999313354493,75.56523605345055 ,0.0,18:22:53 pm,1663159973691
0.50996494 ,2.2505496 ,8.37013,23.51494244299829,87.33359900303185 ,12.419999313354493,75.56523605345055 ,0.0,18:22:53 pm,1663159973696
0.5722142 ,2.2218192 ,8.343793,23.51494244299829,87.33359900303185 ,12.419999313354493,75.56523605345055 ,0.0,18:22:53 pm,1663159973701
0.5506664 ,2.1428106 ,8.508993,23.51494244299829,87.33359900303185 ,12.419999313354493,75.56523605345055 ,0.0,18:22:53 pm,1663159973706
0.45250413 ,2.054225 ,8.796297,23.51494244299829,87.33359900303185 ,12.419999313354493,75.56523605345055 ,0.0,18:22:53 pm,1663159973711
0.32800564 ,1.946486 ,9.121908,23.51494244299829,87.33359900303185 ,12.419999313354493,75.56523605345055 ,0.0,18:22:53 pm,1663159973717
0.12210429 ,1.8076223 ,9.576807,23.51494244299829,87.33359900303185 ,12.419999313354493,75.56523605345055 ,0.0,18:22:53 pm,1663159973721
-0.04309563 ,1.7310078 ,9.933543,23.51494244299829,87.33359900303185 ,12.419999313354493,75.56523605345055 ,0.0,18:22:53 pm,1663159973726
-0.15322891 ,1.6400281 ,10.201694,23.51494244299829,87.33359900303185 ,12.419999313354493,75.56523605345055 ,0.0,18:22:53 pm,1663159973732
-0.19393034 ,1.5610195 ,10.400413,23.51494244299829,87.33359900303185 ,12.419999313354493,75.56523605345055 ,0.0,18:22:53 pm,1663159973736
-0.18435353 ,1.4748282 ,10.505757,23.51494244299829,87.33359900303185 ,12.419999313354493,75.56523605345055 ,0.0,18:22:53 pm,1663159973741
-0.19393034 ,1.3814543 ,10.551247,23.51494244299829,87.33359900303185 ,12.419999313354493,75.56523605345055 ,0.0,18:22:53 pm,1663159973747
-0.22026655 ,1.328782 ,10.630256,23.51494244299829,87.33359900303185 ,12.419999313354493,75.56523605345055 ,0.0,18:22:53 pm,1663159973752
-0.28491 ,1.3024458 ,10.759542,23.51494244299829,87.33359900303185 ,12.419999313354493,75.56523605345055 ,0.0,18:22:53 pm,1663159973757
-0.32321724 ,1.2545617 ,10.8624935,23.51494244299829,87.33359900303185 ,12.419999313354493,75.56523605345055 ,0.0,18:22:53 pm,1663159973762
-0.33039984 ,1.2354081 ,10.891224,23.51494244299829,87.33359900303185 ,12.419999313354493,75.56523605345055 ,0.0,18:22:53 pm,1663159973767
-0.32561144 ,1.2162545 ,10.912771,23.51494244299829,87.33359900303185 ,12.419999313354493,75.56523605345055 ,0.0,18:22:53 pm,1663159973772
-0.3878607 ,1.1851299 ,10.852917,23.51494244299829,87.33359900303185 ,12.419999313354493,75.56523605345055 ,0.0,18:22:53 pm,1663159973777
-0.4405331 ,1.1827357 ,10.802638,23.51494244299829,87.33359900303185 ,12.419999313354493,75.56523605345055 ,0.0,18:22:53 pm,1663159973782
-0.4285621 ,1.1947067 ,10.709264,23.51494244299829,87.33359900303185 ,12.419999313354493,75.56523605345055 ,0.0,18:22:53 pm,1663159973787
-0.38067806 ,1.2593501 ,10.647015,23.51494244299829,87.33359900303185 ,12.419999313354493,75.56523605345055 ,0.0,18:22:53 pm,1663159973792
-0.25617957 ,1.3215994 ,10.517728,23.51494244299829,87.33359900303185 ,12.419999313354493,75.56523605345055 ,0.0,18:22:53 pm,1663159973797
-0.20350714 ,1.3910311 ,10.453085,23.51494244299829,87.33359900303185 ,12.419999313354493,75.56523605345055 ,0.0,18:22:53 pm,1663159973802
-0.1436521 ,1.5298948 ,10.386047,23.51494244299829,87.33359900303185 ,12.419999313354493,75.56523605345055 ,0.0,18:22:53 pm,1663159973807
-0.08379706 ,1.6759412 ,10.113108,23.51494244299829,87.33359900303185 ,12.419999313354493,75.56523605345055 ,0.0,18:22:53 pm,1663159973812
-0.01436521 ,1.7741034 ,9.770737,23.51494244299829,87.33359900303185 ,12.419999313354493,75.56523605345055 ,0.0,18:22:53 pm,1663159973817
0.09816227 ,1.8938135 ,9.306262,23.51494244299829,87.33359900303185 ,12.419999313354493,75.56523605345055 ,0.0,18:22:53 pm,1663159973822
0.21787235 ,1.9608512 ,8.9040365,23.51494244299829,87.33359900303185 ,12.419999313354493,75.56523605345055 ,0.0,18:22:53 pm,1663159973827
0.35194764 ,1.9800048 ,8.465898,23.51494244299829,87.33359900303185 ,12.419999313354493,75.56523605345055 ,0.0,18:22:53 pm,1663159973832
0.45010993 ,1.9895816 ,8.2169,23.51494244299829,87.33359900303185 ,12.419999313354493,75.56523605345055 ,0.0,18:22:53 pm,1663159973837
0.45729253 ,1.9728222 ,8.130709,23.51494244299829,87.33359900303185 ,12.419999313354493,75.56523605345055 ,0.0,18:22:53 pm,1663159973842
0.37588966 ,1.9488802 ,8.099585,23.51494244299829,87.33359900303185 ,12.419999313354493,75.56523605345055 ,0.0,18:22:53 pm,1663159973847
0.2896984 ,1.910573 ,8.173804,23.51494244299829,87.33359900303185 ,12.419999313354493,75.56523605345055 ,0.0,18:22:53 pm,1663159973852
0.1340753 ,1.8674773 ,8.259995,23.51494244299829,87.33359900303185 ,12.419999313354493,75.56523605345055 ,0.0,18:22:53 pm,1663159973857
0.035913024 ,1.8411411 ,8.350976,23.51494244299829,87.33359900303185 ,12.419999313354493,75.56523605345055 ,0.0,18:22:53 pm,1663159973862
-0.04070143 ,1.8602947 ,8.485051,23.51494244299829,87.33359900303185 ,12.419999313354493,75.56523605345055 ,0.0,18:22:53 pm,1663159973868
-0.12928689 ,1.8387469 ,8.39886,23.51494244299829,87.33359900303185 ,12.419999313354493,75.56523605345055 ,0.0,18:22:53 pm,1663159973872
-0.23463176 ,1.8435353 ,8.228871,23.51494244299829,87.33359900303185 ,12.419999313354493,75.56523605345055 ,0.0,18:22:53 pm,1663159973878
-0.31364042 ,1.8363527 ,7.991845,23.51494244299829,87.33359900303185 ,12.419999313354493,75.56523605345055 ,0.0,18:22:53 pm,1663159973884
-0.35673606 ,1.8339585 ,7.7931266,23.51494244299829,87.33359900303185 ,12.419999313354493,75.56523605345055 ,0.0,18:22:53 pm,1663159973887
-0.34476504 ,1.7860745 ,7.615956,23.51494244299829,87.33359900303185 ,12.419999313354493,75.56523605345055 ,0.0,18:22:53 pm,1663159973893
-0.36152446 ,1.7549498 ,7.457938,23.51494244299829,87.33359900303185 ,12.419999313354493,75.56523605345055 ,0.0,18:22:53 pm,1663159973899
-0.36631286 ,1.7190368 ,7.40766,23.51494244299829,87.33359900303185 ,12.419999313354493,75.56523605345055 ,0.0,18:22:53 pm,1663159973902
-0.33039984 ,1.6903064 ,7.422025,23.51494244299829,87.33359900303185 ,12.419999313354493,75.56523605345055 ,0.0,18:22:53 pm,1663159973907
-0.33518824 ,1.6543933 ,7.465121,23.51494244299829,87.33359900303185 ,12.419999313354493,75.56523605345055 ,0.0,18:22:53 pm,1663159973913
-0.35194764 ,1.6280571 ,7.5201874,23.514952417463064,87.33364082872868 ,14.723998832702637,75.56523605345055 ,0.0,18:22:53 pm,1663159973918
-0.4405331 ,1.6184803 ,7.632715,23.514952417463064,87.33364082872868 ,14.723998832702637,75.56523605345055 ,0.0,18:22:53 pm,1663159973922
-0.50038815 ,1.6352397 ,7.7667904,23.514952417463064,87.33364082872868 ,14.723998832702637,75.56523605345055 ,0.0,18:22:53 pm,1663159973927
-0.49799395 ,1.5921441 ,7.941567,23.514952417463064,87.33364082872868 ,14.723998832702637,75.56523605345055 ,0.0,18:22:53 pm,1663159973933
-0.47405192 ,1.5346833 ,8.073248,23.514952417463064,87.33364082872868 ,14.723998832702637,75.56523605345055 ,0.0,18:22:53 pm,1663159973938
-0.4213795 ,1.4508862 ,8.200141,23.514952417463064,87.33364082872868 ,14.723998832702637,75.56523605345055 ,0.0,18:22:53 pm,1663159973943
-0.37828386 ,1.3814543 ,8.413225,23.514952417463064,87.33364082872868 ,14.723998832702637,75.56523605345055 ,0.0,18:22:53 pm,1663159973947
-0.32800564 ,1.3096284 ,8.623915,23.514952417463064,87.33364082872868 ,14.723998832702637,75.56523605345055 ,0.0,18:22:53 pm,1663159973953
-0.34955344 ,1.1827357 ,8.935161,23.514952417463064,87.33364082872868 ,14.723998832702637,75.56523605345055 ,0.0,18:22:53 pm,1663159973957
-0.35913026 ,1.0510546 ,9.337387,23.514952417463064,87.33364082872868 ,14.723998832702637,75.56523605345055 ,0.0,18:22:53 pm,1663159973963
-0.36870706 ,0.92655605 ,9.727641,23.514952417463064,87.33364082872868 ,14.723998832702637,75.56523605345055 ,0.0,18:22:53 pm,1663159973968
-0.39504328 ,0.8451532 ,10.208876,23.514952417463064,87.33364082872868 ,14.723998832702637,75.56523605345055 ,0.0,18:22:53 pm,1663159973973
-0.4189853 ,0.79248077 ,10.608707,23.514952417463064,87.33364082872868 ,14.723998832702637,75.56523605345055 ,0.0,18:22:53 pm,1663159973978
-0.38307226 ,0.78050977 ,10.905589,23.514952417463064,87.33364082872868 ,14.723998832702637,75.56523605345055 ,0.0,18:22:53 pm,1663159973983
-0.46447513 ,0.85473 ,11.077971,23.514952417463064,87.33364082872868 ,14.723998832702637,75.56523605345055 ,0.0,18:22:53 pm,1663159973988
-0.5793968 ,0.94092125 ,11.15698,23.514952417463064,87.33364082872868 ,14.723998832702637,75.56523605345055 ,0.0,18:22:53 pm,1663159973993
-0.5410896 ,1.043872 ,11.18571,23.514952417463064,87.33364082872868 ,14.723998832702637,75.56523605345055 ,0.0,18:22:53 pm,1663159973999
-0.38067806 ,1.0749966 ,11.176133,23.514952417463064,87.33364082872868 ,14.723998832702637,75.56523605345055 ,0.0,18:22:54 pm,1663159974003
-0.1364695 ,1.0821792 ,11.118672,23.514952417463064,87.33364082872868 ,14.723998832702637,75.56523605345055 ,0.0,18:22:54 pm,1663159974007
0.047884032 ,1.115698 ,11.085154,23.514952417463064,87.33364082872868 ,14.723998832702637,70.98835797495704 ,0.0,18:22:54 pm,1663159974013
0.15322891 ,1.1994951 ,10.960655,23.514952417463064,87.33364082872868 ,14.723998832702637,70.98835797495704 ,0.0,18:22:54 pm,1663159974018
0.16519992 ,1.3072342 ,10.84334,23.514952417463064,87.33364082872868 ,14.723998832702637,70.98835797495704 ,0.0,18:22:54 pm,1663159974023
0.22026655 ,1.3958195 ,10.66138,23.514952417463064,87.33364082872868 ,14.723998832702637,70.98835797495704 ,0.0,18:22:54 pm,1663159974028
0.25378537 ,1.5035586 ,10.28549,23.514952417463064,87.33364082872868 ,14.723998832702637,70.98835797495704 ,0.0,18:22:54 pm,1663159974033
0.3184288 ,1.5801731 ,9.983821,23.514952417463064,87.33364082872868 ,14.723998832702637,70.98835797495704 ,0.0,18:22:54 pm,1663159974038
0.37828386 ,1.6184803 ,9.615114,23.514952417463064,87.33364082872868 ,14.723998832702637,70.98835797495704 ,0.0,18:22:54 pm,1663159974043
0.45968673 ,1.6543933 ,9.330204,23.514952417463064,87.33364082872868 ,14.723998832702637,70.98835797495704 ,0.0,18:22:54 pm,1663159974049
0.5386954 ,1.6424223 ,9.165004,23.514952417463064,87.33364082872868 ,14.723998832702637,70.98835797495704 ,0.0,18:22:54 pm,1663159974053
0.60333884 ,1.6112977 ,9.095572,23.514952417463064,87.33364082872868 ,14.723998832702637,70.98835797495704 ,0.0,18:22:54 pm,1663159974058
0.62488663 ,1.5873557 ,9.124303,23.514952417463064,87.33364082872868 ,14.723998832702637,70.98835797495704 ,0.0,18:22:54 pm,1663159974063
0.61291564 ,1.5825673 ,9.205706,23.514952417463064,87.33364082872868 ,14.723998832702637,70.98835797495704 ,0.0,18:22:54 pm,1663159974068
0.5650316 ,1.5753847 ,9.378088,23.514952417463064,87.33364082872868 ,14.723998832702637,70.98835797495704 ,0.0,18:22:54 pm,1663159974073
0.521936 ,1.5490485 ,9.581595,23.514952417463064,87.33364082872868 ,14.723998832702637,70.98835797495704 ,0.0,18:22:54 pm,1663159974078
0.557849 ,1.5586253 ,9.770737,23.514952417463064,87.33364082872868 ,14.723998832702637,70.98835797495704 ,0.0,18:22:54 pm,1663159974083
0.5650316 ,1.5466543 ,9.895236,23.514952417463064,87.33364082872868 ,14.723998832702637,70.98835797495704 ,0.0,18:22:54 pm,1663159974088
0.5722142 ,1.5610195 ,9.993398,23.514952417463064,87.33364082872868 ,14.723998832702637,70.98835797495704 ,0.0,18:22:54 pm,1663159974093
0.51475334 ,1.5682021 ,10.043676,23.514952417463064,87.33364082872868 ,14.723998832702637,70.98835797495704 ,0.0,18:22:54 pm,1663159974099
