x,y,z,latitude,longitude,speed,sound,light,time,timestamp
0.4189853 ,1.553837 ,10.108319,23.514952417463064,87.33364082872868 ,14.723998832702637,70.98835797495704 ,0.0,18:22:54 pm,1663159974103
0.34955344 ,1.5753847 ,10.218452,23.514952417463064,87.33364082872868 ,14.723998832702637,70.98835797495704 ,0.0,18:22:54 pm,1663159974108
0.2896984 ,1.6089035 ,10.2495775,23.514952417463064,87.33364082872868 ,14.723998832702637,70.98835797495704 ,0.0,18:22:54 pm,1663159974114
0.272939 ,1.6256629 ,10.19451,23.514952417463064,87.33364082872868 ,14.723998832702637,70.98835797495704 ,0.0,18:22:54 pm,1663159974119
0.33518824 ,1.6807296 ,10.086772,23.514952417463064,87.33364082872868 ,14.723998832702637,70.98835797495704 ,0.0,18:22:54 pm,1663159974124
0.3878607 ,1.7286136 ,9.888053,23.514952417463064,87.33364082872868 ,14.723998832702637,70.98835797495704 ,0.0,18:22:54 pm,1663159974129
0.44771573 ,1.7357962 ,9.694122,23.514952417463064,87.33364082872868 ,14.723998832702637,70.98835797495704 ,0.0,18:22:54 pm,1663159974135
0.5434838 ,1.6879122 ,9.545682,23.514952417463064,87.33364082872868 ,14.723998832702637,70.98835797495704 ,0.0,18:22:54 pm,1663159974139
0.6344634 ,1.6208745 ,9.361329,23.514952417463064,87.33364082872868 ,14.723998832702637,70.98835797495704 ,0.0,18:22:54 pm,1663159974144
0.7038953 ,1.4891934 ,9.308656,23.514952417463064,87.33364082872868 ,14.723998832702637,70.98835797495704 ,0.0,18:22:54 pm,1663159974149
0.6967127 ,1.3982137 ,9.387665,23.514952417463064,87.33364082872868 ,14.723998832702637,70.98835797495704 ,0.0,18:22:54 pm,1663159974154
0.63206923 ,1.316811 ,9.528923,23.514952417463064,87.33364082872868 ,14.723998832702637,70.98835797495704 ,0.0,18:22:54 pm,1663159974159
0.533907 ,1.3359646 ,9.76116,23.514952417463064,87.33364082872868 ,14.723998832702637,70.98835797495704 ,0.0,18:22:54 pm,1663159974164
0.45968673 ,1.352724 ,10.036493,23.514952417463064,87.33364082872868 ,14.723998832702637,70.98835797495704 ,0.0,18:22:54 pm,1663159974169
0.3878607 ,1.4221559 ,10.117896,23.514952417463064,87.33364082872868 ,14.723998832702637,70.98835797495704 ,0.0,18:22:54 pm,1663159974174
0.4141969 ,1.4437037 ,10.038888,23.514952417463064,87.33364082872868 ,14.723998832702637,70.98835797495704 ,0.0,18:22:54 pm,1663159974179
0.49081135 ,1.4676456 ,9.911995,23.514952417463064,87.33364082872868 ,14.723998832702637,70.98835797495704 ,0.0,18:22:54 pm,1663159974184
0.5770026 ,1.4939818 ,9.830592,23.514952417463064,87.33364082872868 ,14.723998832702637,70.98835797495704 ,0.0,18:22:54 pm,1663159974189
0.6847417 ,1.5035586 ,9.775525,23.514952417463064,87.33364082872868 ,14.723998832702637,70.98835797495704 ,0.0,18:22:54 pm,1663159974194
0.7661445 ,1.4987702 ,9.837775,23.514952417463064,87.33364082872868 ,14.723998832702637,70.98835797495704 ,0.0,18:22:54 pm,1663159974200
0.8403648 ,1.484405 ,9.871294,23.514952417463064,87.33364082872868 ,14.723998832702637,70.98835797495704 ,0.0,18:22:54 pm,1663159974204
0.8810662 ,1.4796166 ,10.024523,23.514952417463064,87.33364082872868 ,14.723998832702637,70.98835797495704 ,0.0,18:22:54 pm,1663159974209
0.91937345 ,1.4389153 ,10.115502,23.514952417463064,87.33364082872868 ,14.723998832702637,70.98835797495704 ,0.0,18:22:54 pm,1663159974214
0.8762778 ,1.3910311 ,10.2495775,23.514952417463064,87.33364082872868 ,14.723998832702637,70.98835797495704 ,0.0,18:22:54 pm,1663159974219
0.7589619 ,1.3623008 ,10.405201,23.514952417463064,87.33364082872868 ,14.723998832702637,70.98835797495704 ,0.0,18:22:54 pm,1663159974224
0.60094464 ,1.364695 ,10.563218,23.514952417463064,87.33364082872868 ,14.723998832702637,70.98835797495704 ,0.0,18:22:54 pm,1663159974229
0.39504328 ,1.3742718 ,10.656591,23.514952417463064,87.33364082872868 ,14.723998832702637,70.98835797495704 ,0.0,18:22:54 pm,1663159974234
0.2753332 ,1.42455 ,10.66138,23.514952417463064,87.33364082872868 ,14.723998832702637,70.98835797495704 ,0.0,18:22:54 pm,1663159974239
0.18674773 ,1.5275006 ,10.508151,23.514952417463064,87.33364082872868 ,14.723998832702637,70.98835797495704 ,0.0,18:22:54 pm,1663159974244
0.20590134 ,1.5682021 ,10.259154,23.514952417463064,87.33364082872868 ,14.723998832702637,70.98835797495704 ,0.0,18:22:54 pm,1663159974250
0.260968 ,1.6184803 ,9.983821,23.514952417463064,87.33364082872868 ,14.723998832702637,70.98835797495704 ,0.0,18:22:54 pm,1663159974254
0.34237084 ,1.6639702 ,9.655815,23.514952417463064,87.33364082872868 ,14.723998832702637,70.98835797495704 ,0.0,18:22:54 pm,1663159974259
0.37828386 ,1.7022774 ,9.469068,23.514952417463064,87.33364082872868 ,14.723998832702637,70.98835797495704 ,0.0,18:22:54 pm,1663159974266
0.37588966 ,1.7741034 ,9.287108,23.514952417463064,87.33364082872868 ,14.723998832702637,70.98835797495704 ,0.0,18:22:54 pm,1663159974269
0.37588966 ,1.8219875 ,9.172187,23.514952417463064,87.33364082872868 ,14.723998832702637,70.98835797495704 ,0.0,18:22:54 pm,1663159974274
0.41180268 ,1.8626889 ,9.121908,23.514952417463064,87.33364082872868 ,14.723998832702637,70.98835797495704 ,0.0,18:22:54 pm,1663159974279
0.47405192 ,1.910573 ,9.102755,23.514952417463064,87.33364082872868 ,14.723998832702637,70.98835797495704 ,0.0,18:22:54 pm,1663159974285
0.5434838 ,1.9033904 ,9.165004,23.514952417463064,87.33364082872868 ,14.723998832702637,70.98835797495704 ,0.0,18:22:54 pm,1663159974289
0.6512229 ,1.8195933 ,9.263166,23.514952417463064,87.33364082872868 ,14.723998832702637,70.98835797495704 ,0.0,18:22:54 pm,1663159974294
0.641646 ,1.6998832 ,9.351752,23.514952417463064,87.33364082872868 ,14.723998832702637,70.98835797495704 ,0.0,18:22:54 pm,1663159974300
0.581791 ,1.5993267 ,9.543288,23.514952417463064,87.33364082872868 ,14.723998832702637,70.98835797495704 ,0.0,18:22:54 pm,1663159974305
0.4381389 ,1.4700398 ,10.014946,23.514952417463064,87.33364082872868 ,14.723998832702637,70.98835797495704 ,0.0,18:22:54 pm,1663159974310
0.2896984 ,1.376666 ,10.371682,23.514952417463064,87.33364082872868 ,14.723998832702637,70.98835797495704 ,0.0,18:22:54 pm,1663159974316
0.06703765 ,1.2976574 ,10.742783,23.514952417463064,87.33364082872868 ,14.723998832702637,70.98835797495704 ,0.0,18:22:54 pm,1663159974320
-0.062249243 ,1.2808979 ,10.97502,23.514952417463064,87.33364082872868 ,14.723998832702637,70.98835797495704 ,0.0,18:22:54 pm,1663159974325
-0.16998832 ,1.2569559 ,11.118672,23.514952417463064,87.33364082872868 ,14.723998832702637,70.98835797495704 ,0.0,18:22:54 pm,1663159974330
-0.31124622 ,1.2378023 ,11.073183,23.514952417463064,87.33364082872868 ,14.723998832702637,70.98835797495704 ,0.0,18:22:54 pm,1663159974335
-0.36870706 ,1.2114661 ,10.912771,23.514952417463064,87.33364082872868 ,14.723998832702637,70.98835797495704 ,0.0,18:22:54 pm,1663159974340
-0.45010993 ,1.2258313 ,10.692505,23.514952417463064,87.33364082872868 ,14.723998832702637,70.98835797495704 ,0.0,18:22:54 pm,1663159974345
-0.47165772 ,1.2449849 ,10.469844,23.514952417463064,87.33364082872868 ,14.723998832702637,70.98835797495704 ,0.0,18:22:54 pm,1663159974350
-0.47165772 ,1.2808979 ,10.2735195,23.514952417463064,87.33364082872868 ,14.723998832702637,70.98835797495704 ,0.0,18:22:54 pm,1663159974355
-0.39264908 ,1.3120226 ,10.043676,23.514952417463064,87.33364082872868 ,14.723998832702637,70.98835797495704 ,0.0,18:22:54 pm,1663159974360
-0.29688102 ,1.3311762 ,9.895236,23.514952417463064,87.33364082872868 ,14.723998832702637,70.98835797495704 ,0.0,18:22:54 pm,1663159974367
-0.21787235 ,1.340753 ,9.76116,23.514952417463064,87.33364082872868 ,14.723998832702637,70.98835797495704 ,0.0,18:22:54 pm,1663159974370
-0.18195933 ,1.3431472 ,9.68694,23.514952417463064,87.33364082872868 ,14.723998832702637,70.98835797495704 ,0.0,18:22:54 pm,1663159974375
-0.19632454 ,1.3311762 ,9.68694,23.514952417463064,87.33364082872868 ,14.723998832702637,70.98835797495704 ,0.0,18:22:54 pm,1663159974380
-0.20350714 ,1.3311762 ,9.753978,23.514952417463064,87.33364082872868 ,14.723998832702637,70.98835797495704 ,0.0,18:22:54 pm,1663159974385
-0.23702596 ,1.3383588 ,9.883265,23.514952417463064,87.33364082872868 ,14.723998832702637,70.98835797495704 ,0.0,18:22:54 pm,1663159974390
-0.32800564 ,1.3192052 ,10.134656,23.514952417463064,87.33364082872868 ,14.723998832702637,70.98835797495704 ,0.0,18:22:54 pm,1663159974395
-0.45968673 ,1.3311762 ,10.335769,23.514952417463064,87.33364082872868 ,14.723998832702637,70.98835797495704 ,0.0,18:22:54 pm,1663159974401
-0.59136784 ,1.3503298 ,10.486604,23.514952417463064,87.33364082872868 ,14.723998832702637,70.98835797495704 ,0.0,18:22:54 pm,1663159974405
-0.7015011 ,1.3575124 ,10.426748,23.514952417463064,87.33364082872868 ,14.723998832702637,70.98835797495704 ,0.0,18:22:54 pm,1663159974410
-0.7326257 ,1.376666 ,10.240001,23.514952417463064,87.33364082872868 ,14.723998832702637,70.98835797495704 ,0.0,18:22:54 pm,1663159974416
-0.6775591 ,1.3814543 ,9.900024,23.514952417463064,87.33364082872868 ,14.723998832702637,70.98835797495704 ,0.0,18:22:54 pm,1663159974421
-0.60094464 ,1.4030021 ,9.662998,23.514952417463064,87.33364082872868 ,14.723998832702637,70.98835797495704 ,0.0,18:22:54 pm,1663159974425
-0.5434838 ,1.3790601 ,9.55047,23.514952417463064,87.33364082872868 ,14.723998832702637,70.98835797495704 ,0.0,18:22:54 pm,1663159974431
-0.5363012 ,1.3934253 ,9.524135,23.514952417463064,87.33364082872868 ,14.723998832702637,70.98835797495704 ,0.0,18:22:54 pm,1663159974435
-0.5530606 ,1.3790601 ,9.667787,23.514952417463064,87.33364082872868 ,14.723998832702637,70.98835797495704 ,0.0,18:22:54 pm,1663159974441
-0.5722142 ,1.3455414 ,9.935937,23.514952417463064,87.33364082872868 ,14.723998832702637,70.98835797495704 ,0.0,18:22:54 pm,1663159974445
-0.59376204 ,1.328782 ,10.134656,23.514952417463064,87.33364082872868 ,14.723998832702637,70.98835797495704 ,0.0,18:22:54 pm,1663159974451
-0.58897364 ,1.3263878 ,10.3453455,23.514952417463064,87.33364082872868 ,14.723998832702637,70.98835797495704 ,0.0,18:22:54 pm,1663159974455
-0.5770026 ,1.340753 ,10.505757,23.514952417463064,87.33364082872868 ,14.723998832702637,70.98835797495704 ,0.0,18:22:54 pm,1663159974461
-0.5722142 ,1.3455414 ,10.55843,23.514952417463064,87.33364082872868 ,14.723998832702637,70.98835797495704 ,0.0,18:22:54 pm,1663159974467
-0.56982 ,1.3958195 ,10.575189,23.514952417463064,87.33364082872868 ,14.723998832702637,70.98835797495704 ,0.0,18:22:54 pm,1663159974471
-0.5650316 ,1.412579 ,10.469844,23.514952417463064,87.33364082872868 ,14.723998832702637,70.98835797495704 ,0.0,18:22:54 pm,1663159974475
-0.5626374 ,1.4628572 ,10.374076,23.514952417463064,87.33364082872868 ,14.723998832702637,70.98835797495704 ,0.0,18:22:54 pm,1663159974482
-0.521936 ,1.5346833 ,10.160992,23.514952417463064,87.33364082872868 ,14.723998832702637,70.98835797495704 ,0.0,18:22:54 pm,1663159974487
-0.46686932 ,1.5969325 ,9.864111,23.514952417463064,87.33364082872868 ,14.723998832702637,70.98835797495704 ,0.0,18:22:54 pm,1663159974491
-0.38307226 ,1.661576 ,9.425972,23.514952417463064,87.33364082872868 ,14.723998832702637,66.04415065343733 ,0.0,18:22:54 pm,1663159974496
-0.33039984 ,1.7166426 ,9.021352,23.514952417463064,87.33364082872868 ,14.723998832702637,66.04415065343733 ,0.0,18:22:54 pm,1663159974502
-0.24660277 ,1.7717092 ,8.686164,23.514952417463064,87.33364082872868 ,14.723998832702637,66.04415065343733 ,0.0,18:22:54 pm,1663159974507
-0.15083471 ,1.8052281 ,8.477868,23.514952417463064,87.33364082872868 ,14.723998832702637,66.04415065343733 ,0.0,18:22:54 pm,1663159974511
-0.09816227 ,1.8483237 ,8.415619,23.514952417463064,87.33364082872868 ,14.723998832702637,66.04415065343733 ,0.0,18:22:54 pm,1663159974517
-0.059855044 ,1.8866309 ,8.42759,23.514952417463064,87.33364082872868 ,14.723998832702637,66.04415065343733 ,0.0,18:22:54 pm,1663159974521
-0.033518825 ,1.9057846 ,8.480263,23.514952417463064,87.33364082872868 ,14.723998832702637,66.04415065343733 ,0.0,18:22:54 pm,1663159974526
0.02633622 ,1.9201498 ,8.573636,23.514952417463064,87.33364082872868 ,14.723998832702637,66.04415065343733 ,0.0,18:22:54 pm,1663159974531
0.08379706 ,1.8626889 ,8.719683,23.514952417463064,87.33364082872868 ,14.723998832702637,66.04415065343733 ,0.0,18:22:54 pm,1663159974536
0.095768064 ,1.8076223 ,8.805874,23.514952417463064,87.33364082872868 ,14.723998832702637,66.04415065343733 ,0.0,18:22:54 pm,1663159974541
0.02633622 ,1.7525556 ,9.02614,23.514952417463064,87.33364082872868 ,14.723998832702637,66.04415065343733 ,0.0,18:22:54 pm,1663159974546
-0.04309563 ,1.7070658 ,9.251195,23.514952417463064,87.33364082872868 ,14.723998832702637,66.04415065343733 ,0.0,18:22:54 pm,1663159974551
-0.12210429 ,1.6903064 ,9.437943,23.514952417463064,87.33364082872868 ,14.723998832702637,66.04415065343733 ,0.0,18:22:54 pm,1663159974556
-0.16998832 ,1.6711528 ,9.674969,23.514952417463064,87.33364082872868 ,14.723998832702637,66.04415065343733 ,0.0,18:22:54 pm,1663159974561
-0.20350714 ,1.6472107 ,9.76116,23.514952417463064,87.33364082872868 ,14.723998832702637,66.04415065343733 ,0.0,18:22:54 pm,1663159974566
-0.272939 ,1.6232687 ,9.718064,23.514952417463064,87.33364082872868 ,14.723998832702637,66.04415065343733 ,0.0,18:22:54 pm,1663159974571
-0.31364042 ,1.6208745 ,9.646238,23.514952417463064,87.33364082872868 ,14.723998832702637,66.04415065343733 ,0.0,18:22:54 pm,1663159974576
-0.31364042 ,1.6017209 ,9.502586,23.514952417463064,87.33364082872868 ,14.723998832702637,66.04415065343733 ,0.0,18:22:54 pm,1663159974581
-0.30645782 ,1.5586253 ,9.320627,23.514952417463064,87.33364082872868 ,14.723998832702637,66.04415065343733 ,0.0,18:22:54 pm,1663159974586
-0.260968 ,1.520318 ,9.241618,23.514952417463064,87.33364082872868 ,14.723998832702637,66.04415065343733 ,0.0,18:22:54 pm,1663159974591
-0.24660277 ,1.4652514 ,9.222465,23.514952417463064,87.33364082872868 ,14.723998832702637,66.04415065343733 ,0.0,18:22:54 pm,1663159974596
-0.22744916 ,1.4341269 ,9.323022,23.514952417463064,87.33364082872868 ,14.723998832702637,66.04415065343733 ,0.0,18:22:54 pm,1663159974602
