x,y,z,latitude,longitude,speed,sound,light,time,timestamp
-0.56982 ,2.3654714 ,13.397953,23.538023103028536,87.33333463780582 ,33.37199821472168,71.72692349646147 ,0.0,18:53:52 pm,1663161832076
-0.89064306 ,2.1906946 ,13.778631,23.538023103028536,87.33333463780582 ,33.37199821472168,71.72692349646147 ,0.0,18:53:52 pm,1663161832080
-1.1204864 ,2.1021092 ,13.809755,23.538023103028536,87.33333463780582 ,33.37199821472168,71.72692349646147 ,0.0,18:53:52 pm,1663161832084
-1.2138603 ,2.0973208 ,13.376405,23.538023103028536,87.33333463780582 ,33.37199821472168,71.72692349646147 ,0.0,18:53:52 pm,1663161832094
-1.1827357 ,2.255338 ,12.430696,23.538023103028536,87.33333463780582 ,33.37199821472168,71.72692349646147 ,0.0,18:53:52 pm,1663161832096
-0.8643068 ,2.4540567 ,11.36767,23.538023103028536,87.33333463780582 ,33.37199821472168,71.72692349646147 ,0.0,18:53:52 pm,1663161832099
-0.7086837 ,2.8060043 ,10.477027,23.538023103028536,87.33333463780582 ,33.37199821472168,71.72692349646147 ,0.0,18:53:52 pm,1663161832108
-0.20590134 ,3.1651347 ,9.622296,23.538023103028536,87.33333463780582 ,33.37199821472168,71.72692349646147 ,0.0,18:53:52 pm,1663161832111
0.16280572 ,3.4476504 ,8.822633,23.538023103028536,87.33333463780582 ,33.37199821472168,71.72692349646147 ,0.0,18:53:52 pm,1663161832115
0.557849 ,3.691859 ,8.094796,23.538023103028536,87.33333463780582 ,33.37199821472168,71.72692349646147 ,0.0,18:53:52 pm,1663161832119
0.7613561 ,3.8259344 ,7.3310456,23.538023103028536,87.33333463780582 ,33.37199821472168,71.72692349646147 ,0.0,18:53:52 pm,1663161832126
0.9840169 ,3.9504328 ,7.1227503,23.538023103028536,87.33333463780582 ,33.37199821472168,71.72692349646147 ,0.0,18:53:52 pm,1663161832130
1.328782 ,4.000711 ,7.417237,23.538023103028536,87.33333463780582 ,33.37199821472168,71.72692349646147 ,0.0,18:53:52 pm,1663161832135
1.4796166 ,4.003105 ,7.9631147,23.538023103028536,87.33333463780582 ,33.37199821472168,71.72692349646147 ,0.0,18:53:52 pm,1663161832143
1.400608 ,3.9719806 ,8.719683,23.538023103028536,87.33333463780582 ,33.37199821472168,71.72692349646147 ,0.0,18:53:52 pm,1663161832146
1.067814 ,3.9097314 ,9.188946,23.538023103028536,87.33333463780582 ,33.37199821472168,71.72692349646147 ,0.0,18:53:52 pm,1663161832150
0.5291186 ,3.7588966 ,9.416395,23.538023103028536,87.33333463780582 ,33.37199821472168,71.72692349646147 ,0.0,18:53:52 pm,1663161832158
0.06703765 ,3.5075054 ,9.935937,23.538023103028536,87.33333463780582 ,33.37199821472168,71.72692349646147 ,0.0,18:53:52 pm,1663161832160
-0.20350714 ,3.2752678 ,10.448297,23.538023103028536,87.33333463780582 ,33.37199821472168,71.72692349646147 ,0.0,18:53:52 pm,1663161832165
-0.40701428 ,2.9975405 ,10.99178,23.538023103028536,87.33333463780582 ,33.37199821472168,71.72692349646147 ,0.0,18:53:52 pm,1663161832170
-0.51475334 ,2.8754363 ,11.240777,23.538023103028536,87.33333463780582 ,33.37199821472168,71.72692349646147 ,0.0,18:53:52 pm,1663161832177
-0.7398083 ,2.7820623 ,11.499351,23.538023103028536,87.33333463780582 ,33.37199821472168,71.72692349646147 ,0.0,18:53:52 pm,1663161832180
-0.79008657 ,2.755726 ,11.303026,23.538023103028536,87.33333463780582 ,33.37199821472168,71.72692349646147 ,0.0,18:53:52 pm,1663161832185
-0.7445967 ,2.7844565 ,10.943896,23.538023103028536,87.33333463780582 ,33.37199821472168,71.72692349646147 ,0.0,18:53:52 pm,1663161832191
-0.60573304 ,2.992752 ,10.45069,23.538023103028536,87.33333463780582 ,33.37199821472168,71.72692349646147 ,0.0,18:53:52 pm,1663161832196
-0.6344634 ,3.1890767 ,9.986216,23.538023103028536,87.33333463780582 ,33.37199821472168,71.72692349646147 ,0.0,18:53:52 pm,1663161832201
-0.61770403 ,3.4572272 ,9.330204,23.538023103028536,87.33333463780582 ,33.37199821472168,71.72692349646147 ,0.0,18:53:52 pm,1663161832208
-0.58418524 ,3.6727054 ,8.616732,23.538023103028536,87.33333463780582 ,33.37199821472168,71.72692349646147 ,0.0,18:53:52 pm,1663161832211
-0.4381389 ,3.9312792 ,8.070854,23.538023103028536,87.33333463780582 ,33.37199821472168,71.72692349646147 ,0.0,18:53:52 pm,1663161832215
-0.14604631 ,4.213795 ,7.536947,23.538023103028536,87.33333463780582 ,33.37199821472168,71.72692349646147 ,0.0,18:53:52 pm,1663161832221
0.050278235 ,4.381389 ,7.410054,23.538023103028536,87.33333463780582 ,33.37199821472168,71.72692349646147 ,0.0,18:53:52 pm,1663161832226
0.34715924 ,4.5441947 ,7.357382,23.538023103028536,87.33333463780582 ,33.37199821472168,71.72692349646147 ,0.0,18:53:52 pm,1663161832231
0.62488663 ,4.5681367 ,7.386112,23.538023103028536,87.33333463780582 ,33.37199821472168,71.72692349646147 ,0.0,18:53:52 pm,1663161832235
0.8714894 ,4.501099 ,7.6470804,23.538023103028536,87.33333463780582 ,33.37199821472168,71.72692349646147 ,0.0,18:53:52 pm,1663161832241
1.0845734 ,4.271256 ,7.824251,23.538023103028536,87.33333463780582 ,33.37199821472168,71.72692349646147 ,0.0,18:53:52 pm,1663161832246
1.1659763 ,4.0773253 ,8.228871,23.538023103028536,87.33333463780582 ,33.37199821472168,71.72692349646147 ,0.0,18:53:52 pm,1663161832250
1.2114661 ,3.7924154 ,9.385271,23.538023103028536,87.33333463780582 ,33.37199821472168,71.72692349646147 ,0.0,18:53:52 pm,1663161832258
0.9983821 ,3.4979286 ,10.105926,23.538023103028536,87.33333463780582 ,33.37199821472168,69.43457847389888 ,0.0,18:53:52 pm,1663161832262
0.7374141 ,3.217807 ,10.682928,23.538023103028536,87.33333463780582 ,33.37199821472168,69.43457847389888 ,0.0,18:53:52 pm,1663161832265
0.2753332 ,2.8538885 ,11.0061455,23.538023103028536,87.33333463780582 ,33.37199821472168,69.43457847389888 ,0.0,18:53:52 pm,1663161832271
-0.12449849 ,2.5617957 ,11.496957,23.538023103028536,87.33333463780582 ,33.37199821472168,69.43457847389888 ,0.0,18:53:52 pm,1663161832277
-0.5267244 ,2.2146366 ,12.155362,23.538023103028536,87.33333463780582 ,33.37199821472168,69.43457847389888 ,0.0,18:53:52 pm,1663161832281
-0.7661445 ,2.0254946 ,12.607866,23.538023103028536,87.33333463780582 ,33.37199821472168,69.43457847389888 ,0.0,18:53:52 pm,1663161832285
-0.93852705 ,1.8962077 ,12.8448925,23.538023103028536,87.33333463780582 ,33.37199821472168,69.43457847389888 ,0.0,18:53:52 pm,1663161832292
-1.1300632 ,1.8243817 ,12.873623,23.538023103028536,87.33333463780582 ,33.37199821472168,69.43457847389888 ,0.0,18:53:52 pm,1663161832296
-1.1683705 ,1.8650831 ,12.765883,23.538023103028536,87.33333463780582 ,33.37199821472168,69.43457847389888 ,0.0,18:53:52 pm,1663161832300
-1.1468226 ,1.9991584 ,12.090718,23.538023103028536,87.33333463780582 ,33.37199821472168,69.43457847389888 ,0.0,18:53:52 pm,1663161832308
-1.1013328 ,2.2242134 ,11.298238,23.538023103028536,87.33333463780582 ,33.37199821472168,69.43457847389888 ,0.0,18:53:52 pm,1663161832312
-0.94570965 ,2.5713725 ,10.127473,23.538023103028536,87.33333463780582 ,33.37199821472168,69.43457847389888 ,0.0,18:53:52 pm,1663161832316
-0.6344634 ,3.028665 ,9.0237465,23.538023103028536,87.33333463780582 ,33.37199821472168,69.43457847389888 ,0.0,18:53:52 pm,1663161832321
-0.33039984 ,3.3806129 ,7.908048,23.538023103028536,87.33333463780582 ,33.37199821472168,69.43457847389888 ,0.0,18:53:52 pm,1663161832328
0.05267244 ,3.7565024 ,6.7851677,23.538023103028536,87.33333463780582 ,33.37199821472168,69.43457847389888 ,0.0,18:53:52 pm,1663161832332
0.44532153 ,4.010288 ,5.9807158,23.538023103028536,87.33333463780582 ,33.37199821472168,69.43457847389888 ,0.0,18:53:52 pm,1663161832336
0.94570965 ,4.285621 ,5.1379566,23.538023103028536,87.33333463780582 ,33.37199821472168,69.43457847389888 ,0.0,18:53:52 pm,1663161832342
1.42455 ,4.4244847 ,4.654328,23.538023103028536,87.33333463780582 ,33.37199821472168,69.43457847389888 ,0.0,18:53:52 pm,1663161832347
1.7549498 ,4.5633483 ,4.584896,23.538023103028536,87.33333463780582 ,33.37199821472168,69.43457847389888 ,0.0,18:53:52 pm,1663161832351
1.3575124 ,4.5633483 ,5.281609,23.538023103028536,87.33333463780582 ,33.37199821472168,69.43457847389888 ,0.0,18:53:52 pm,1663161832358
1.2282255 ,4.501099 ,5.861006,23.538023103028536,87.33333463780582 ,33.37199821472168,69.43457847389888 ,0.0,18:53:52 pm,1663161832361
1.067814 ,4.24492 ,6.579266,23.538023103028536,87.33333463780582 ,33.37199821472168,69.43457847389888 ,0.0,18:53:52 pm,1663161832366
1.0103531 ,3.892972 ,7.3909006,23.538023103028536,87.33333463780582 ,33.37199821472168,69.43457847389888 ,0.0,18:53:52 pm,1663161832372
0.90021986 ,3.466804 ,8.420407,23.538023103028536,87.33333463780582 ,33.37199821472168,69.43457847389888 ,0.0,18:53:52 pm,1663161832378
0.842759 ,2.966416 ,9.674969,23.538023103028536,87.33333463780582 ,33.37199821472168,69.43457847389888 ,0.0,18:53:52 pm,1663161832382
0.6943185 ,2.552219 ,10.733206,23.538023103028536,87.33333463780582 ,33.37199821472168,69.43457847389888 ,0.0,18:53:52 pm,1663161832386
0.40462008 ,2.0326772 ,11.877635,23.538023103028536,87.33333463780582 ,33.37199821472168,69.43457847389888 ,0.0,18:53:52 pm,1663161832392
0.12449849 ,1.6807296 ,12.667721,23.538023103028536,87.33333463780582 ,33.37199821472168,69.43457847389888 ,0.0,18:53:52 pm,1663161832396
-0.11252748 ,1.3838485 ,13.196839,23.538023103028536,87.33333463780582 ,33.37199821472168,69.43457847389888 ,0.0,18:53:52 pm,1663161832401
-0.37110126 ,1.0989386 ,13.522451,23.538023103028536,87.33333463780582 ,33.37199821472168,69.43457847389888 ,0.0,18:53:52 pm,1663161832408
-0.1412579 ,0.9959879 ,13.182474,23.538023103028536,87.33333463780582 ,33.37199821472168,69.43457847389888 ,0.0,18:53:52 pm,1663161832411
-0.19632454 ,1.043872 ,12.385205,23.538023103028536,87.33333463780582 ,33.37199821472168,69.43457847389888 ,0.0,18:53:52 pm,1663161832416
-0.45968673 ,1.3383588 ,11.556811,23.538023103028536,87.33333463780582 ,33.37199821472168,69.43457847389888 ,0.0,18:53:52 pm,1663161832421
-0.51475334 ,1.7669208 ,10.536881,23.538023103028536,87.33333463780582 ,33.37199821472168,69.43457847389888 ,0.0,18:53:52 pm,1663161832428
-0.22984336 ,2.3008277 ,9.088389,23.538023103028536,87.33333463780582 ,33.37199821472168,69.43457847389888 ,0.0,18:53:52 pm,1663161832432
0.093373865 ,2.717419 ,8.015787,23.538023103028536,87.33333463780582 ,33.37199821472168,69.43457847389888 ,0.0,18:53:52 pm,1663161832437
0.5482722 ,3.083732 ,6.943185,23.538023103028536,87.33333463780582 ,33.37199821472168,69.43457847389888 ,0.0,18:53:52 pm,1663161832443
0.81402856 ,3.2393548 ,6.1938,23.538023103028536,87.33333463780582 ,33.37199821472168,69.43457847389888 ,0.0,18:53:52 pm,1663161832446
1.103727 ,3.2920272 ,5.6120086,23.538023103028536,87.33333463780582 ,33.37199821472168,69.43457847389888 ,0.0,18:53:52 pm,1663161832452
1.3742718 ,3.2728736 ,5.57849,23.538023103028536,87.33333463780582 ,33.37199821472168,69.43457847389888 ,0.0,18:53:52 pm,1663161832458
1.5849615 ,3.217807 ,6.2991447,23.538023103028536,87.33333463780582 ,33.37199821472168,69.43457847389888 ,0.0,18:53:52 pm,1663161832462
1.6711528 ,3.0789435 ,7.417237,23.538023103028536,87.33333463780582 ,33.37199821472168,69.43457847389888 ,0.0,18:53:52 pm,1663161832467
1.6496049 ,2.9735985 ,8.180987,23.538023103028536,87.33333463780582 ,33.37199821472168,69.43457847389888 ,0.0,18:53:52 pm,1663161832476
1.4149733 ,2.9041667 ,8.954314,23.538023103028536,87.33333463780582 ,33.37199821472168,69.43457847389888 ,0.0,18:53:52 pm,1663161832478
1.0366893 ,2.8658595 ,9.361329,23.538023103028536,87.33333463780582 ,33.37199821472168,69.43457847389888 ,0.0,18:53:52 pm,1663161832482
0.62488663 ,2.7581203 ,9.758766,23.538023103028536,87.33333463780582 ,33.37199821472168,69.43457847389888 ,0.0,18:53:52 pm,1663161832486
0.11971009 ,2.621651 ,10.132261,23.538023103028536,87.33333463780582 ,33.37199821472168,69.43457847389888 ,0.0,18:53:52 pm,1663161832493
-0.21068975 ,2.4516625 ,10.304645,23.538023103028536,87.33333463780582 ,33.37199821472168,69.43457847389888 ,0.0,18:53:52 pm,1663161832497
-0.45489833 ,2.2266076 ,10.412383,23.538023103028536,87.33333463780582 ,33.37199821472168,69.43457847389888 ,0.0,18:53:52 pm,1663161832501
-0.5315128 ,2.0757728 ,10.723629,23.538023103028536,87.33333463780582 ,33.37199821472168,69.43457847389888 ,0.0,18:53:52 pm,1663161832508
-0.60094464 ,1.9752164 ,10.766725,23.538023103028536,87.33333463780582 ,33.37199821472168,69.43457847389888 ,0.0,18:53:52 pm,1663161832512
-0.6823475 ,1.9393034 ,10.311827,23.538023103028536,87.33333463780582 ,33.37199821472168,69.43457847389888 ,0.0,18:53:52 pm,1663161832516
-0.62009823 ,2.018312 ,9.818622,23.538023103028536,87.33333463780582 ,33.37199821472168,69.43457847389888 ,0.0,18:53:52 pm,1663161832525
-0.35194764 ,2.267309 ,9.143456,23.538023103028536,87.33333463780582 ,33.37199821472168,69.43457847389888 ,0.0,18:53:52 pm,1663161832527
-0.02873042 ,2.5306711 ,8.686164,23.538023103028536,87.33333463780582 ,33.37199821472168,69.43457847389888 ,0.0,18:53:52 pm,1663161832532
0.33518824 ,2.789245 ,8.540117,23.538023103028536,87.33333463780582 ,33.37199821472168,69.43457847389888 ,0.0,18:53:52 pm,1663161832537
0.7015011 ,2.9903579 ,8.6095495,23.538023103028536,87.33333463780582 ,33.37199821472168,69.43457847389888 ,0.0,18:53:52 pm,1663161832542
0.82360536 ,3.0478187 ,9.018958,23.538023103028536,87.33333463780582 ,33.37199821472168,69.43457847389888 ,0.0,18:53:52 pm,1663161832547
0.8882488 ,2.980781 ,9.346964,23.538023103028536,87.33333463780582 ,33.37199821472168,69.43457847389888 ,0.0,18:53:52 pm,1663161832552
1.0295067 ,2.942474 ,9.176975,23.538023103028536,87.33333463780582 ,33.37199821472168,69.43457847389888 ,0.0,18:53:52 pm,1663161832558
1.2018893 ,2.930503 ,8.90643,23.538023103028536,87.33333463780582 ,33.37199821472168,69.43457847389888 ,0.0,18:53:52 pm,1663161832562
1.2473791 ,2.966416 ,8.750807,23.538023103028536,87.33333463780582 ,33.37199821472168,69.43457847389888 ,0.0,18:53:52 pm,1663161832567
