x,y,z,latitude,longitude,speed,sound,light,time,timestamp
-1.055843 ,1.460463 ,7.577648,23.53304689284414,87.32576820999384 ,51.912000274658205,91.93254079641171 ,0.0,17:48:32 pm,1663157912737
-1.2856863 ,1.6232687 ,7.9822683,23.53304689284414,87.32576820999384 ,51.912000274658205,91.93254079641171 ,0.0,17:48:32 pm,1663157912745
-1.3838485 ,1.757344 ,8.013393,23.53304689284414,87.32576820999384 ,51.912000274658205,91.93254079641171 ,0.0,17:48:32 pm,1663157912748
-1.7621324 ,1.7764976 ,9.270349,23.53304689284414,87.32576820999384 ,51.912000274658205,91.93254079641171 ,0.0,17:48:32 pm,1663157912753
-1.6519991 ,1.4700398 ,10.0341,23.53304689284414,87.32576820999384 ,51.912000274658205,91.93254079641171 ,0.0,17:48:32 pm,1663157912758
-1.9273324 ,1.4101849 ,9.452309,23.53304689284414,87.32576820999384 ,51.912000274658205,91.93254079641171 ,0.0,17:48:32 pm,1663157912764
-2.2170308 ,1.3934253 ,9.32781,23.53304689284414,87.32576820999384 ,51.912000274658205,91.93254079641171 ,0.0,17:48:32 pm,1663157912768
-2.0638018 ,1.3144168 ,10.900801,23.53304689284414,87.32576820999384 ,51.912000274658205,91.93254079641171 ,0.0,17:48:32 pm,1663157912773
-1.8483237 ,1.5490485 ,11.128249,23.53304689284414,87.32576820999384 ,51.912000274658205,91.93254079641171 ,0.0,17:48:32 pm,1663157912779
-2.2888567 ,1.8267759 ,9.651027,23.53304689284414,87.32576820999384 ,51.912000274658205,91.93254079641171 ,0.0,17:48:32 pm,1663157912783
-2.6647465 ,1.6472107 ,9.885659,23.53304689284414,87.32576820999384 ,51.912000274658205,91.93254079641171 ,0.0,17:48:32 pm,1663157912788
-1.7022774 ,1.2617443 ,9.892841,23.53304689284414,87.32576820999384 ,51.912000274658205,91.93254079641171 ,0.0,17:48:32 pm,1663157912795
-1.0845734 ,1.3814543 ,9.720459,23.53304689284414,87.32576820999384 ,51.912000274658205,91.93254079641171 ,0.0,17:48:32 pm,1663157912799
-0.9672575 ,1.4772224 ,9.504981,23.53304689284414,87.32576820999384 ,51.912000274658205,91.93254079641171 ,0.0,17:48:32 pm,1663157912803
-1.0199299 ,1.4053963 ,8.7292595,23.53304689284414,87.32576820999384 ,51.912000274658205,92.09272029717306 ,0.0,17:48:32 pm,1663157912810
-0.8643068 ,1.1324574 ,8.439561,23.53304689284414,87.32576820999384 ,51.912000274658205,92.09272029717306 ,0.0,17:48:32 pm,1663157912815
-0.06703765 ,0.8858546 ,9.035717,23.53304689284414,87.32576820999384 ,51.912000274658205,92.09272029717306 ,0.0,17:48:32 pm,1663157912819
0.20829555 ,0.8738836 ,9.174581,23.53304689284414,87.32576820999384 ,51.912000274658205,92.09272029717306 ,0.0,17:48:32 pm,1663157912823
0.20111294 ,1.1707647 ,9.94312,23.53304689284414,87.32576820999384 ,51.912000274658205,92.09272029717306 ,0.0,17:48:32 pm,1663157912829
-0.23702596 ,1.460463 ,11.482592,23.53304689284414,87.32576820999384 ,51.912000274658205,92.09272029717306 ,0.0,17:48:32 pm,1663157912833
-0.35673606 ,1.1683705 ,12.014104,23.53304689284414,87.32576820999384 ,51.912000274658205,92.09272029717306 ,0.0,17:48:32 pm,1663157912839
-0.6895301 ,0.90500826 ,11.434708,23.53304689284414,87.32576820999384 ,51.912000274658205,92.09272029717306 ,0.0,17:48:32 pm,1663157912846
-0.7326257 ,0.91937345 ,12.605472,23.53304689284414,87.32576820999384 ,51.912000274658205,92.09272029717306 ,0.0,17:48:32 pm,1663157912849
-0.79966336 ,1.0582372 ,13.457808,23.53304689284414,87.32576820999384 ,51.912000274658205,92.09272029717306 ,0.0,17:48:32 pm,1663157912853
-0.7062895 ,1.4867992 ,13.771448,23.53304689284414,87.32576820999384 ,51.912000274658205,92.09272029717306 ,0.0,17:48:32 pm,1663157912858
-0.60573304 ,1.5586253 ,12.787432,23.53304689284414,87.32576820999384 ,51.912000274658205,92.09272029717306 ,0.0,17:48:32 pm,1663157912865
-0.8355764 ,1.5682021 ,11.652579,23.53304689284414,87.32576820999384 ,51.912000274658205,92.09272029717306 ,0.0,17:48:32 pm,1663157912868
-0.39504328 ,1.5514427 ,11.295844,23.53304689284414,87.32576820999384 ,51.912000274658205,92.09272029717306 ,0.0,17:48:32 pm,1663157912873
0.51954174 ,1.8842367 ,9.940725,23.53304689284414,87.32576820999384 ,51.912000274658205,92.09272029717306 ,0.0,17:48:32 pm,1663157912882
0.11492168 ,2.4229321 ,9.188946,23.53304689284414,87.32576820999384 ,51.912000274658205,92.09272029717306 ,0.0,17:48:32 pm,1663157912888
0.92176765 ,2.5761611 ,9.363723,23.53304689284414,87.32576820999384 ,51.912000274658205,92.09272029717306 ,0.0,17:48:32 pm,1663157912891
1.328782 ,2.2744915 ,7.8912888,23.53304689284414,87.32576820999384 ,51.912000274658205,92.09272029717306 ,0.0,17:48:32 pm,1663157912897
0.8331822 ,2.2002714 ,6.5002575,23.53304689284414,87.32576820999384 ,51.912000274658205,92.09272029717306 ,0.0,17:48:32 pm,1663157912900
0.533907 ,2.2601264 ,6.7013707,23.53304689284414,87.32576820999384 ,51.912000274658205,92.09272029717306 ,0.0,17:48:32 pm,1663157912904
1.0151415 ,2.5594015 ,6.8689647,23.53304689284414,87.32576820999384 ,51.912000274658205,92.09272029717306 ,0.0,17:48:32 pm,1663157912909
0.60094464 ,2.908955 ,7.5704656,23.533051628619432,87.32561809010804 ,54.863999176025395,92.09272029717306 ,0.0,17:48:32 pm,1663157912916
0.10055647 ,2.9281087 ,6.4188547,23.533051628619432,87.32561809010804 ,54.863999176025395,92.09272029717306 ,0.0,17:48:32 pm,1663157912920
-0.35434186 ,2.6120741 ,6.6079965,23.533051628619432,87.32561809010804 ,54.863999176025395,92.09272029717306 ,0.0,17:48:32 pm,1663157912924
-0.20350714 ,2.4708161 ,7.0102224,23.533051628619432,87.32561809010804 ,54.863999176025395,92.09272029717306 ,0.0,17:48:32 pm,1663157912930
-0.19632454 ,2.5929205 ,7.323863,23.533051628619432,87.32561809010804 ,54.863999176025395,92.09272029717306 ,0.0,17:48:32 pm,1663157912934
0.011971008 ,2.2457612 ,7.479486,23.533051628619432,87.32561809010804 ,54.863999176025395,92.09272029717306 ,0.0,17:48:32 pm,1663157912939
0.521936 ,1.4867992 ,7.845799,23.533051628619432,87.32561809010804 ,54.863999176025395,92.09272029717306 ,0.0,17:48:32 pm,1663157912946
-0.055066638 ,1.0702082 ,8.1163435,23.533051628619432,87.32561809010804 ,54.863999176025395,92.09272029717306 ,0.0,17:48:32 pm,1663157912949
-0.17477672 ,0.50038815 ,8.499416,23.533051628619432,87.32561809010804 ,54.863999176025395,92.09272029717306 ,0.0,17:48:32 pm,1663157912955
0.12689269 ,0.4381389 ,9.234436,23.533051628619432,87.32561809010804 ,54.863999176025395,92.09272029717306 ,0.0,17:48:32 pm,1663157912960
-0.45010993 ,0.5674258 ,10.110714,23.533051628619432,87.32561809010804 ,54.863999176025395,92.09272029717306 ,0.0,17:48:32 pm,1663157912966
-0.93134445 ,0.4309563 ,10.936713,23.533051628619432,87.32561809010804 ,54.863999176025395,92.09272029717306 ,0.0,17:48:32 pm,1663157912968
-1.9608512 ,0.4333505 ,10.395624,23.533051628619432,87.32561809010804 ,54.863999176025395,92.09272029717306 ,0.0,17:48:32 pm,1663157912974
-2.7629087 ,0.47405192 ,8.710106,23.533051628619432,87.32561809010804 ,54.863999176025395,92.09272029717306 ,0.0,17:48:32 pm,1663157912980
-2.480393 ,0.878672 ,9.028535,23.533051628619432,87.32561809010804 ,54.863999176025395,92.09272029717306 ,0.0,17:48:32 pm,1663157912984
-2.0087352 ,1.3479356 ,8.212111,23.533051628619432,87.32561809010804 ,54.863999176025395,92.09272029717306 ,0.0,17:48:32 pm,1663157912989
-1.6519991 ,1.9800048 ,6.7444663,23.533051628619432,87.32561809010804 ,54.863999176025395,92.09272029717306 ,0.0,17:48:32 pm,1663157912996
-1.3814543 ,2.2290018 ,6.0525417,23.533051628619432,87.32561809010804 ,54.863999176025395,92.09272029717306 ,0.0,17:48:32 pm,1663157913000
-1.2473791 ,2.1691468 ,5.3318872,23.533051628619432,87.32561809010804 ,54.863999176025395,92.09272029717306 ,0.0,17:48:33 pm,1663157913005
-0.641646 ,2.0278888 ,5.734113,23.533051628619432,87.32561809010804 ,54.863999176025395,92.09272029717306 ,0.0,17:48:33 pm,1663157913012
-0.09816227 ,2.1380222 ,6.277597,23.533051628619432,87.32561809010804 ,54.863999176025395,92.09272029717306 ,0.0,17:48:33 pm,1663157913015
-0.7493851 ,2.6360161 ,5.461174,23.533051628619432,87.32561809010804 ,54.863999176025395,92.09272029717306 ,0.0,17:48:33 pm,1663157913020
-1.0821792 ,2.7269957 ,5.8634,23.533051628619432,87.32561809010804 ,54.863999176025395,92.09272029717306 ,0.0,17:48:33 pm,1663157913024
-1.2737153 ,2.5761611 ,5.932832,23.533051628619432,87.32561809010804 ,54.863999176025395,92.09272029717306 ,0.0,17:48:33 pm,1663157913030
-1.6017209 ,2.6599581 ,5.81791,23.533051628619432,87.32561809010804 ,54.863999176025395,92.09272029717306 ,0.0,17:48:33 pm,1663157913034
-1.283292 ,2.5737667 ,6.5696893,23.533051628619432,87.32561809010804 ,54.863999176025395,92.09272029717306 ,0.0,17:48:33 pm,1663157913040
-0.94570965 ,2.4540567 ,7.893683,23.533051628619432,87.32561809010804 ,54.863999176025395,92.09272029717306 ,0.0,17:48:33 pm,1663157913047
-1.0031705 ,2.195483 ,8.949526,23.533051628619432,87.32561809010804 ,54.863999176025395,92.09272029717306 ,0.0,17:48:33 pm,1663157913050
-0.641646 ,1.8076223 ,10.187328,23.533051628619432,87.32561809010804 ,54.863999176025395,92.09272029717306 ,0.0,17:48:33 pm,1663157913055
-0.80684596 ,0.8619126 ,11.149797,23.533051628619432,87.32561809010804 ,54.863999176025395,92.09272029717306 ,0.0,17:48:33 pm,1663157913063
-1.2210429 ,0.3878607 ,12.172121,23.533051628619432,87.32561809010804 ,54.863999176025395,92.09272029717306 ,0.0,17:48:33 pm,1663157913066
-1.7932571 ,0.2896984 ,13.429077,23.533051628619432,87.32561809010804 ,54.863999176025395,92.09272029717306 ,0.0,17:48:33 pm,1663157913069
-2.5905263 ,-0.02873042 ,14.477737,23.533051628619432,87.32561809010804 ,54.863999176025395,92.09272029717306 ,0.0,17:48:33 pm,1663157913075
-3.0765493 ,-0.01436521 ,13.409924,23.533051628619432,87.32561809010804 ,54.863999176025395,92.09272029717306 ,0.0,17:48:33 pm,1663157913081
-3.5745432 ,-0.6488287 ,12.91193,23.533051628619432,87.32561809010804 ,54.863999176025395,92.09272029717306 ,0.0,17:48:33 pm,1663157913085
-2.8993783 ,-1.0079589 ,13.972561,23.533051628619432,87.32561809010804 ,54.863999176025395,92.09272029717306 ,0.0,17:48:33 pm,1663157913090
-2.2361844 ,-1.1252748 ,14.025233,23.533051628619432,87.32561809010804 ,54.863999176025395,92.09272029717306 ,0.0,17:48:33 pm,1663157913096
-2.5713725 ,-0.8403648 ,13.48175,23.533051628619432,87.32561809010804 ,54.863999176025395,92.09272029717306 ,0.0,17:48:33 pm,1663157913100
-2.0614076 ,-0.39504328 ,12.497733,23.533051628619432,87.32561809010804 ,54.863999176025395,92.09272029717306 ,0.0,17:48:33 pm,1663157913105
-1.8674773 ,-0.21068975 ,12.497733,23.533051628619432,87.32561809010804 ,54.863999176025395,92.09272029717306 ,0.0,17:48:33 pm,1663157913112
-1.5059528 ,0.10055647 ,11.86327,23.533051628619432,87.32561809010804 ,54.863999176025395,92.09272029717306 ,0.0,17:48:33 pm,1663157913115
-1.7142484 ,0.7469909 ,10.149021,23.533051628619432,87.32561809010804 ,54.863999176025395,92.09272029717306 ,0.0,17:48:33 pm,1663157913120
-2.2026656 ,1.3072342 ,9.545682,23.533051628619432,87.32561809010804 ,54.863999176025395,92.09272029717306 ,0.0,17:48:33 pm,1663157913126
-1.5993267 ,2.1380222 ,9.220071,23.533051628619432,87.32561809010804 ,54.863999176025395,92.09272029717306 ,0.0,17:48:33 pm,1663157913133
-0.9744401 ,2.7629087 ,8.937555,23.533051628619432,87.32561809010804 ,54.863999176025395,92.09272029717306 ,0.0,17:48:33 pm,1663157913136
0.02633622 ,3.2249897 ,8.274361,23.533051628619432,87.32561809010804 ,54.863999176025395,92.09272029717306 ,0.0,17:48:33 pm,1663157913141
0.37349546 ,3.2489316 ,7.560889,23.533051628619432,87.32561809010804 ,54.863999176025395,92.09272029717306 ,0.0,17:48:33 pm,1663157913146
0.6703765 ,3.3303347 ,7.723695,23.533051628619432,87.32561809010804 ,54.863999176025395,92.09272029717306 ,0.0,17:48:33 pm,1663157913150
1.1587936 ,3.1627405 ,8.195353,23.533051628619432,87.32561809010804 ,54.863999176025395,92.09272029717306 ,0.0,17:48:33 pm,1663157913155
1.0390835 ,3.1004913 ,7.800309,23.533051628619432,87.32561809010804 ,54.863999176025395,92.09272029717306 ,0.0,17:48:33 pm,1663157913162
0.22984336 ,2.9759927 ,8.671799,23.533051628619432,87.32561809010804 ,54.863999176025395,92.09272029717306 ,0.0,17:48:33 pm,1663157913165
-0.11252748 ,2.5115175 ,10.0029745,23.533051628619432,87.32561809010804 ,54.863999176025395,92.09272029717306 ,0.0,17:48:33 pm,1663157913170
-0.45968673 ,2.2720973 ,9.9790325,23.533051628619432,87.32561809010804 ,54.863999176025395,92.09272029717306 ,0.0,17:48:33 pm,1663157913175
-1.2234371 ,2.2146366 ,10.512939,23.533051628619432,87.32561809010804 ,54.863999176025395,92.09272029717306 ,0.0,17:48:33 pm,1663157913182
-2.0757728 ,1.9656396 ,11.161768,23.533051628619432,87.32561809010804 ,54.863999176025395,92.09272029717306 ,0.0,17:48:33 pm,1663157913186
-2.468422 ,1.6352397 ,11.188105,23.533051628619432,87.32561809010804 ,54.863999176025395,92.09272029717306 ,0.0,17:48:33 pm,1663157913190
-1.9608512 ,1.7070658 ,10.771513,23.533051628619432,87.32561809010804 ,54.863999176025395,92.09272029717306 ,0.0,17:48:33 pm,1663157913196
-2.336741 ,1.4628572 ,10.572795,23.533051628619432,87.32561809010804 ,54.863999176025395,92.09272029717306 ,0.0,17:48:33 pm,1663157913200
-2.2481554 ,1.3599066 ,10.290278,23.533051628619432,87.32561809010804 ,54.863999176025395,92.09272029717306 ,0.0,17:48:33 pm,1663157913205
-1.745373 ,1.1252748 ,9.77792,23.533051628619432,87.32561809010804 ,54.863999176025395,92.09272029717306 ,0.0,17:48:33 pm,1663157913213
-1.6304513 ,0.8379706 ,9.119514,23.533051628619432,87.32561809010804 ,54.863999176025395,92.09272029717306 ,0.0,17:48:33 pm,1663157913216
-1.0319009 ,0.7158663 ,8.544906,23.533051628619432,87.32561809010804 ,54.863999176025395,92.09272029717306 ,0.0,17:48:33 pm,1663157913221
-0.48362875 ,1.1468226 ,7.869741,23.533051628619432,87.32561809010804 ,54.863999176025395,92.09272029717306 ,0.0,17:48:33 pm,1663157913226
-0.24181437 ,1.3838485 ,7.2927384,23.533051628619432,87.32561809010804 ,54.863999176025395,92.09272029717306 ,0.0,17:48:33 pm,1663157913232
0.016759412 ,1.5346833 ,6.155493,23.533051628619432,87.32561809010804 ,54.863999176025395,92.09272029717306 ,0.0,17:48:33 pm,1663157913236
