x,y,z,latitude,longitude,speed,sound,light,time,timestamp
-3.3327289 ,0.5722142 ,13.400347,23.53301432915032,87.32716865837574 ,38.33999862670898,75.9264649586168 ,0.0,17:48:21 pm,1663157901177
-3.2321723 ,0.7469909 ,13.345281,23.53301432915032,87.32716865837574 ,38.33999862670898,75.9264649586168 ,0.0,17:48:21 pm,1663157901184
-2.837129 ,1.0366893 ,12.332533,23.53301432915032,87.32716865837574 ,38.33999862670898,75.9264649586168 ,0.0,17:48:21 pm,1663157901188
-2.4995465 ,1.2880806 ,11.171345,23.53301432915032,87.32716865837574 ,38.33999862670898,75.9264649586168 ,0.0,17:48:21 pm,1663157901192
-2.1883004 ,1.5179238 ,10.254366,23.53301432915032,87.32716865837574 ,38.33999862670898,75.9264649586168 ,0.0,17:48:21 pm,1663157901200
-1.697489 ,1.7238252 ,9.469068,23.53301432915032,87.32716865837574 ,38.33999862670898,75.9264649586168 ,0.0,17:48:21 pm,1663157901203
-1.1133038 ,1.7525556 ,8.576031,23.53301432915032,87.32716865837574 ,38.33999862670898,75.9264649586168 ,0.0,17:48:21 pm,1663157901208
-0.51714754 ,1.697489 ,7.9152308,23.53301432915032,87.32716865837574 ,38.33999862670898,75.9264649586168 ,0.0,17:48:21 pm,1663157901212
-0.22984336 ,1.532289 ,7.762002,23.53301432915032,87.32716865837574 ,38.33999862670898,75.9264649586168 ,0.0,17:48:21 pm,1663157901218
-0.09816227 ,1.3431472 ,7.9822683,23.53301432915032,87.32716865837574 ,38.33999862670898,75.9264649586168 ,0.0,17:48:21 pm,1663157901223
-0.521936 ,1.055843 ,8.614338,23.53301432915032,87.32716865837574 ,38.33999862670898,75.9264649586168 ,0.0,17:48:21 pm,1663157901228
-0.9840169 ,0.8499416 ,9.454702,23.53301432915032,87.32716865837574 ,38.33999862670898,75.9264649586168 ,0.0,17:48:21 pm,1663157901234
-1.7741034 ,0.6512229 ,10.43872,23.53301432915032,87.32716865837574 ,38.33999862670898,75.9264649586168 ,0.0,17:48:21 pm,1663157901238
-2.2218192 ,0.5770026 ,11.243171,23.53301432915032,87.32716865837574 ,38.33999862670898,75.9264649586168 ,0.0,17:48:21 pm,1663157901243
-2.5115175 ,0.581791 ,11.870452,23.53301432915032,87.32716865837574 ,38.33999862670898,75.9264649586168 ,0.0,17:48:21 pm,1663157901250
-2.767697 ,0.6368576 ,13.31655,23.53301432915032,87.32716865837574 ,38.33999862670898,75.9264649586168 ,0.0,17:48:21 pm,1663157901253
-2.7222073 ,0.6799533 ,13.831304,23.53301432915032,87.32716865837574 ,38.33999862670898,75.9264649586168 ,0.0,17:48:21 pm,1663157901257
-2.633622 ,0.81163436 ,13.725958,23.53301432915032,87.32716865837574 ,38.33999862670898,75.9264649586168 ,0.0,17:48:21 pm,1663157901262
-2.2840683 ,0.8475474 ,13.041217,23.53301432915032,87.32716865837574 ,38.33999862670898,75.9264649586168 ,0.0,17:48:21 pm,1663157901268
-1.6927006 ,0.9816227 ,12.595895,23.53301432915032,87.32716865837574 ,38.33999862670898,75.9264649586168 ,0.0,17:48:21 pm,1663157901273
-1.2186487 ,1.1683705 ,11.662156,23.53301432915032,87.32716865837574 ,38.33999862670898,75.9264649586168 ,0.0,17:48:21 pm,1663157901278
-0.8403648 ,1.2761095 ,10.898406,23.53301432915032,87.32716865837574 ,38.33999862670898,75.9264649586168 ,0.0,17:48:21 pm,1663157901285
-0.15562311 ,1.2952632 ,9.701305,23.53301432915032,87.32716865837574 ,38.33999862670898,75.9264649586168 ,0.0,17:48:21 pm,1663157901288
0.2896984 ,1.2785037 ,9.030929,23.53301432915032,87.32716865837574 ,38.33999862670898,77.74349295391166 ,0.0,17:48:21 pm,1663157901292
0.61291564 ,1.2665327 ,8.441956,23.53301432915032,87.32716865837574 ,38.33999862670898,77.74349295391166 ,0.0,17:48:21 pm,1663157901301
0.8619126 ,1.2497733 ,8.755595,23.53301432915032,87.32716865837574 ,38.33999862670898,77.74349295391166 ,0.0,17:48:21 pm,1663157901303
1.0031705 ,1.2521675 ,9.3421755,23.53301432915032,87.32716865837574 ,38.33999862670898,77.74349295391166 ,0.0,17:48:21 pm,1663157901308
0.6799533 ,1.2401965 ,10.493786,23.53301432915032,87.32716865837574 ,38.33999862670898,77.74349295391166 ,0.0,17:48:21 pm,1663157901313
0.107739076 ,1.2090719 ,11.068395,23.53301432915032,87.32716865837574 ,38.33999862670898,77.74349295391166 ,0.0,17:48:21 pm,1663157901320
-0.2896984 ,1.2066777 ,11.341333,23.53301432915032,87.32716865837574 ,38.33999862670898,77.74349295391166 ,0.0,17:48:21 pm,1663157901323
-0.7637503 ,1.1755531 ,11.3964,23.53301432915032,87.32716865837574 ,38.33999862670898,77.74349295391166 ,0.0,17:48:21 pm,1663157901327
-0.92416185 ,1.1875241 ,11.264719,23.53301432915032,87.32716865837574 ,38.33999862670898,77.74349295391166 ,0.0,17:48:21 pm,1663157901334
-1.0079589 ,1.3335704 ,11.633426,23.53301432915032,87.32716865837574 ,38.33999862670898,77.74349295391166 ,0.0,17:48:21 pm,1663157901337
-1.163582 ,1.4820108 ,11.623849,23.53301432915032,87.32716865837574 ,38.33999862670898,77.74349295391166 ,0.0,17:48:21 pm,1663157901343
-1.1133038 ,1.5921441 ,11.183316,23.53301432915032,87.32716865837574 ,38.33999862670898,77.74349295391166 ,0.0,17:48:21 pm,1663157901350
-0.79966336 ,1.7118542 ,10.43872,23.53301432915032,87.32716865837574 ,38.33999862670898,77.74349295391166 ,0.0,17:48:21 pm,1663157901353
-0.533907 ,1.7836803 ,9.382876,23.53301432915032,87.32716865837574 ,38.33999862670898,77.74349295391166 ,0.0,17:48:21 pm,1663157901358
-0.2777274 ,1.7405846 ,8.834604,23.53301432915032,87.32716865837574 ,38.33999862670898,77.74349295391166 ,0.0,17:48:21 pm,1663157901363
0.009576807 ,1.6879122 ,8.645462,23.53301432915032,87.32716865837574 ,38.33999862670898,77.74349295391166 ,0.0,17:48:21 pm,1663157901369
0.15083471 ,1.5945383 ,8.583213,23.53301432915032,87.32716865837574 ,38.33999862670898,77.74349295391166 ,0.0,17:48:21 pm,1663157901373
-0.11971009 ,1.4772224 ,8.157045,23.53301432915032,87.32716865837574 ,38.33999862670898,77.74349295391166 ,0.0,17:48:21 pm,1663157901378
-0.2873042 ,1.3623008 ,7.690176,23.53301432915032,87.32716865837574 ,38.33999862670898,77.74349295391166 ,0.0,17:48:21 pm,1663157901385
-0.45010993 ,1.3239936 ,7.8290396,23.53301432915032,87.32716865837574 ,38.33999862670898,77.74349295391166 ,0.0,17:48:21 pm,1663157901388
-0.6560113 ,1.3575124 ,8.154651,23.53301432915032,87.32716865837574 ,38.33999862670898,77.74349295391166 ,0.0,17:48:21 pm,1663157901393
-0.9959879 ,1.4915876 ,8.532935,23.53301432915032,87.32716865837574 ,38.33999862670898,77.74349295391166 ,0.0,17:48:21 pm,1663157901400
-1.1540052 ,1.6591818 ,9.083601,23.53301432915032,87.32716865837574 ,38.33999862670898,77.74349295391166 ,0.0,17:48:21 pm,1663157901404
-1.1468226 ,1.7621324 ,8.506598,23.53301432915032,87.32716865837574 ,38.33999862670898,77.74349295391166 ,0.0,17:48:21 pm,1663157901409
-1.0893618 ,1.8842367 ,8.686164,23.53301432915032,87.32716865837574 ,38.33999862670898,77.74349295391166 ,0.0,17:48:21 pm,1663157901417
-1.163582 ,1.934515 ,9.002198,23.53301432915032,87.32716865837574 ,38.33999862670898,77.74349295391166 ,0.0,17:48:21 pm,1663157901420
-1.0582372 ,1.8698715 ,8.793902,23.53301432915032,87.32716865837574 ,38.33999862670898,77.74349295391166 ,0.0,17:48:21 pm,1663157901424
-0.6560113 ,1.7118542 ,8.159439,23.53301432915032,87.32716865837574 ,38.33999862670898,77.74349295391166 ,0.0,17:48:21 pm,1663157901428
-0.6655881 ,1.6472107 ,7.85777,23.53301432915032,87.32716865837574 ,38.33999862670898,77.74349295391166 ,0.0,17:48:21 pm,1663157901435
-0.6536171 ,1.5849615 ,7.61835,23.53301432915032,87.32716865837574 ,38.33999862670898,77.74349295391166 ,0.0,17:48:21 pm,1663157901439
-0.8283938 ,1.532289 ,7.383718,23.53301432915032,87.32716865837574 ,38.33999862670898,77.74349295391166 ,0.0,17:48:21 pm,1663157901443
-0.90740246 ,1.472434 ,7.4004774,23.53301432915032,87.32716865837574 ,38.33999862670898,77.74349295391166 ,0.0,17:48:21 pm,1663157901450
-1.103727 ,1.328782 ,7.606379,23.53301432915032,87.32716865837574 ,38.33999862670898,77.74349295391166 ,0.0,17:48:21 pm,1663157901453
-1.5107412 ,1.2785037 ,7.515399,23.53301432915032,87.32716865837574 ,38.33999862670898,77.74349295391166 ,0.0,17:48:21 pm,1663157901458
-2.0087352 ,1.3239936 ,8.121132,23.53301432915032,87.32716865837574 ,38.33999862670898,77.74349295391166 ,0.0,17:48:21 pm,1663157901467
-2.3295584 ,1.4197617 ,7.7907324,23.53301432915032,87.32716865837574 ,38.33999862670898,77.74349295391166 ,0.0,17:48:21 pm,1663157901470
-2.3894134 ,1.5873557 ,7.869741,23.53301432915032,87.32716865837574 ,38.33999862670898,77.74349295391166 ,0.0,17:48:21 pm,1663157901473
-2.7102363 ,1.7310078 ,8.066066,23.53301432915032,87.32716865837574 ,38.33999862670898,77.74349295391166 ,0.0,17:48:21 pm,1663157901479
-2.597709 ,1.8195933 ,7.7572136,23.53301432915032,87.32716865837574 ,38.33999862670898,77.74349295391166 ,0.0,17:48:21 pm,1663157901485
-2.6479871 ,1.9800048 ,7.78355,23.53301432915032,87.32716865837574 ,38.33999862670898,77.74349295391166 ,0.0,17:48:21 pm,1663157901488
-2.645593 ,2.0901382 ,7.872135,23.53301432915032,87.32716865837574 ,38.33999862670898,77.74349295391166 ,0.0,17:48:21 pm,1663157901494
-2.3822308 ,2.135628 ,7.872135,23.53301432915032,87.32716865837574 ,38.33999862670898,77.74349295391166 ,0.0,17:48:21 pm,1663157901500
-2.1021092 ,2.2050598 ,7.855376,23.53301432915032,87.32716865837574 ,38.33999862670898,77.74349295391166 ,0.0,17:48:21 pm,1663157901504
-2.1380222 ,2.1667526 ,7.3310456,23.53301432915032,87.32716865837574 ,38.33999862670898,77.74349295391166 ,0.0,17:48:21 pm,1663157901509
-2.1667526 ,2.1284454 ,7.445967,23.53301432915032,87.32716865837574 ,38.33999862670898,77.74349295391166 ,0.0,17:48:21 pm,1663157901517
-2.3199813 ,1.9129672 ,7.5201874,23.53301432915032,87.32716865837574 ,38.33999862670898,77.74349295391166 ,0.0,17:48:21 pm,1663157901520
-2.4540567 ,1.7908629 ,7.735666,23.53301432915032,87.32716865837574 ,38.33999862670898,77.74349295391166 ,0.0,17:48:21 pm,1663157901524
-2.5594015 ,1.7142484 ,8.51857,23.53301432915032,87.32716865837574 ,38.33999862670898,77.74349295391166 ,0.0,17:48:21 pm,1663157901529
-2.6743233 ,1.5873557 ,8.341399,23.53301432915032,87.32716865837574 ,38.33999862670898,77.74349295391166 ,0.0,17:48:21 pm,1663157901535
-2.873042 ,1.436521 ,8.3868885,23.53301432915032,87.32716865837574 ,38.33999862670898,77.74349295391166 ,0.0,17:48:21 pm,1663157901540
-2.9137435 ,1.1683705 ,8.813056,23.53301432915032,87.32716865837574 ,38.33999862670898,77.74349295391166 ,0.0,17:48:21 pm,1663157901544
-2.8060043 ,0.91937345 ,9.260772,23.53301432915032,87.32716865837574 ,38.33999862670898,77.74349295391166 ,0.0,17:48:21 pm,1663157901551
-2.779668 ,0.7661445 ,10.199299,23.53301432915032,87.32716865837574 ,38.33999862670898,77.74349295391166 ,0.0,17:48:21 pm,1663157901555
-3.004723 ,0.6847417 ,10.716447,23.53301432915032,87.32716865837574 ,38.33999862670898,77.74349295391166 ,0.0,17:48:21 pm,1663157901559
-3.4404678 ,0.59855044 ,10.984597,23.53301432915032,87.32716865837574 ,38.33999862670898,77.74349295391166 ,0.0,17:48:21 pm,1663157901567
-3.7253778 ,0.58657944 ,11.283873,23.53301432915032,87.32716865837574 ,38.33999862670898,77.74349295391166 ,0.0,17:48:21 pm,1663157901570
-3.8139634 ,0.6847417 ,11.353305,23.53301432915032,87.32716865837574 ,38.33999862670898,77.74349295391166 ,0.0,17:48:21 pm,1663157901574
-4.0078936 ,0.6967127 ,11.003751,23.53301432915032,87.32716865837574 ,38.33999862670898,77.74349295391166 ,0.0,17:48:21 pm,1663157901579
-4.0198646 ,0.6631939 ,10.728417,23.53301432915032,87.32716865837574 ,38.33999862670898,77.74349295391166 ,0.0,17:48:21 pm,1663157901585
-4.0342298 ,0.80205756 ,10.364499,23.53301432915032,87.32716865837574 ,38.33999862670898,77.74349295391166 ,0.0,17:48:21 pm,1663157901589
-4.036624 ,1.0271125 ,9.665392,23.53301432915032,87.32716865837574 ,38.33999862670898,77.74349295391166 ,0.0,17:48:21 pm,1663157901595
-3.8642416 ,1.2042835 ,9.67018,23.53301432915032,87.32716865837574 ,38.33999862670898,77.74349295391166 ,0.0,17:48:21 pm,1663157901601
-3.632004 ,1.4077905 ,9.576807,23.53301432915032,87.32716865837574 ,38.33999862670898,77.74349295391166 ,0.0,17:48:21 pm,1663157901604
-3.323152 ,1.5777789 ,9.076419,23.53301432915032,87.32716865837574 ,38.33999862670898,77.74349295391166 ,0.0,17:48:21 pm,1663157901609
-3.004723 ,1.6256629 ,8.535329,23.53301432915032,87.32716865837574 ,38.33999862670898,77.74349295391166 ,0.0,17:48:21 pm,1663157901617
-2.6862943 ,1.6304513 ,8.937555,23.53301432915032,87.32716865837574 ,38.33999862670898,77.74349295391166 ,0.0,17:48:21 pm,1663157901620
-2.2337902 ,1.5849615 ,9.018958,23.53301432915032,87.32716865837574 ,38.33999862670898,77.74349295391166 ,0.0,17:48:21 pm,1663157901625
-1.8363527 ,1.6017209 ,8.523358,23.53301432915032,87.32716865837574 ,38.33999862670898,77.74349295391166 ,0.0,17:48:21 pm,1663157901630
-1.8004397 ,1.6496049 ,8.152257,23.53301432915032,87.32716865837574 ,38.33999862670898,77.74349295391166 ,0.0,17:48:21 pm,1663157901636
-1.6328455 ,1.6496049 ,8.264784,23.53301432915032,87.32716865837574 ,38.33999862670898,77.74349295391166 ,0.0,17:48:21 pm,1663157901640
-1.6687586 ,1.8267759 ,8.734048,23.53301432915032,87.32716865837574 ,38.33999862670898,77.74349295391166 ,0.0,17:48:21 pm,1663157901644
-1.8698715 ,2.0039468 ,9.275137,23.53301432915032,87.32716865837574 ,38.33999862670898,77.74349295391166 ,0.0,17:48:21 pm,1663157901652
-2.042254 ,2.0446482 ,9.9550905,23.53301432915032,87.32716865837574 ,38.33999862670898,77.74349295391166 ,0.0,17:48:21 pm,1663157901654
-2.2625206 ,1.9632454 ,10.429143,23.53301432915032,87.32716865837574 ,38.33999862670898,77.74349295391166 ,0.0,17:48:21 pm,1663157901660
-2.4732103 ,1.8818425 ,10.721235,23.53301432915032,87.32716865837574 ,38.33999862670898,77.74349295391166 ,0.0,17:48:21 pm,1663157901667
-2.4875755 ,1.8315643 ,10.6158905,23.53301432915032,87.32716865837574 ,38.33999862670898,77.74349295391166 ,0.0,17:48:21 pm,1663157901670
-2.348712 ,1.7717092 ,10.33098,23.53301432915032,87.32716865837574 ,38.33999862670898,77.74349295391166 ,0.0,17:48:21 pm,1663157901674
