x,y,z,latitude,longitude,speed,sound,light,time,timestamp
0.2896984 ,0.38307226 ,10.869676,23.53336318396032,87.3230726737529 ,58.31999588012695,91.09536708886651 ,0.0,17:48:50 pm,1663157930332
0.50278234 ,0.59615624 ,10.769119,23.53336318396032,87.3230726737529 ,58.31999588012695,91.09536708886651 ,0.0,17:48:50 pm,1663157930335
0.1364695 ,0.6991069 ,10.089166,23.53336318396032,87.3230726737529 ,58.31999588012695,91.09536708886651 ,0.0,17:48:50 pm,1663157930340
0.2681506 ,0.7637503 ,10.031705,23.53336318396032,87.3230726737529 ,58.31999588012695,91.09536708886651 ,0.0,17:48:50 pm,1663157930347
0.93134445 ,1.2090719 ,10.163386,23.53336318396032,87.3230726737529 ,58.31999588012695,91.09536708886651 ,0.0,17:48:50 pm,1663157930351
1.0390835 ,2.0614076 ,9.840169,23.53336318396032,87.3230726737529 ,58.31999588012695,91.09536708886651 ,0.0,17:48:50 pm,1663157930355
1.1994951 ,2.3104045 ,10.402806,23.53336318396032,87.3230726737529 ,58.31999588012695,91.09536708886651 ,0.0,17:48:50 pm,1663157930360
1.3024458 ,2.4013844 ,8.836999,23.53336318396032,87.3230726737529 ,58.31999588012695,91.09536708886651 ,0.0,17:48:50 pm,1663157930366
0.31124622 ,2.5713725 ,7.979874,23.53336318396032,87.3230726737529 ,58.31999588012695,91.09536708886651 ,0.0,17:48:50 pm,1663157930371
1.5729905 ,2.4851813 ,7.7428484,23.53336318396032,87.3230726737529 ,58.31999588012695,91.09536708886651 ,0.0,17:48:50 pm,1663157930375
2.0278888 ,2.645593 ,7.0221934,23.53336318396032,87.3230726737529 ,58.31999588012695,91.09536708886651 ,0.0,17:48:50 pm,1663157930381
1.7908629 ,2.7126305 ,7.369353,23.53336318396032,87.3230726737529 ,58.31999588012695,91.09536708886651 ,0.0,17:48:50 pm,1663157930385
1.2234371 ,2.5187001 ,7.1969705,23.53336318396032,87.3230726737529 ,58.31999588012695,91.09536708886651 ,0.0,17:48:50 pm,1663157930390
0.59136784 ,2.2050598 ,7.6231384,23.53336318396032,87.3230726737529 ,58.31999588012695,91.09536708886651 ,0.0,17:48:50 pm,1663157930398
0.7302315 ,2.018312 ,8.360553,23.53336318396032,87.3230726737529 ,58.31999588012695,91.09536708886651 ,0.0,17:48:50 pm,1663157930401
0.15083471 ,2.135628 ,9.006987,23.53336318396032,87.3230726737529 ,58.31999588012695,91.09536708886651 ,0.0,17:48:50 pm,1663157930405
-0.4429273 ,2.042254 ,8.463503,23.53336318396032,87.3230726737529 ,58.31999588012695,91.09536708886651 ,0.0,17:48:50 pm,1663157930411
-0.90979666 ,1.7501614 ,8.4826565,23.53336318396032,87.3230726737529 ,58.31999588012695,91.09536708886651 ,0.0,17:48:50 pm,1663157930417
-0.7613561 ,1.3503298 ,9.813833,23.53336318396032,87.3230726737529 ,58.31999588012695,91.09536708886651 ,0.0,17:48:50 pm,1663157930421
-0.80684596 ,1.2138603 ,10.759542,23.53336318396032,87.3230726737529 ,58.31999588012695,91.09536708886651 ,0.0,17:48:50 pm,1663157930425
-1.0486604 ,0.878672 ,10.170568,23.53336318396032,87.3230726737529 ,58.31999588012695,91.09536708886651 ,0.0,17:48:50 pm,1663157930432
-1.3455414 ,0.6488287 ,9.782708,23.53336318396032,87.3230726737529 ,58.31999588012695,91.09536708886651 ,0.0,17:48:50 pm,1663157930436
-1.4197617 ,0.46447513 ,10.007763,23.53336318396032,87.3230726737529 ,58.31999588012695,91.09536708886651 ,0.0,17:48:50 pm,1663157930441
-0.6440403 ,0.60812724 ,9.330204,23.53336318396032,87.3230726737529 ,58.31999588012695,91.09536708886651 ,0.0,17:48:50 pm,1663157930448
-1.0055647 ,1.0606314 ,9.212888,23.53336318396032,87.3230726737529 ,58.31999588012695,91.09536708886651 ,0.0,17:48:50 pm,1663157930451
-0.80924016 ,0.91697925 ,9.11712,23.53336318396032,87.3230726737529 ,58.31999588012695,91.09536708886651 ,0.0,17:48:50 pm,1663157930456
-1.067814 ,0.93134445 ,8.360553,23.53336318396032,87.3230726737529 ,58.31999588012695,91.09536708886651 ,0.0,17:48:50 pm,1663157930461
-0.8834604 ,1.1444284 ,7.9511437,23.53336318396032,87.3230726737529 ,58.31999588012695,91.09536708886651 ,0.0,17:48:50 pm,1663157930467
-0.35434186 ,1.4652514 ,8.480263,23.53336318396032,87.3230726737529 ,58.31999588012695,91.09536708886651 ,0.0,17:48:50 pm,1663157930471
-0.5530606 ,1.7286136 ,7.079654,23.53336318396032,87.3230726737529 ,58.31999588012695,91.09536708886651 ,0.0,17:48:50 pm,1663157930476
-1.1899183 ,1.4317327 ,8.032547,23.53336318396032,87.3230726737529 ,58.31999588012695,91.09536708886651 ,0.0,17:48:50 pm,1663157930482
-0.5674258 ,1.3814543 ,8.918402,23.53336318396032,87.3230726737529 ,58.31999588012695,91.09536708886651 ,0.0,17:48:50 pm,1663157930486
-0.076614454 ,1.6687586 ,7.9607205,23.53336318396032,87.3230726737529 ,58.31999588012695,91.09536708886651 ,0.0,17:48:50 pm,1663157930491
-0.28491 ,1.6328455 ,9.545682,23.53336318396032,87.3230726737529 ,58.31999588012695,91.09536708886651 ,0.0,17:48:50 pm,1663157930498
-0.29927522 ,1.5011644 ,10.658986,23.53336318396032,87.3230726737529 ,58.31999588012695,91.09536708886651 ,0.0,17:48:50 pm,1663157930501
-0.81402856 ,1.4413095 ,9.880871,23.53336318396032,87.3230726737529 ,58.31999588012695,91.09536708886651 ,0.0,17:48:50 pm,1663157930506
-0.5410896 ,1.1109096 ,10.070012,23.53336318396032,87.3230726737529 ,58.31999588012695,91.09536708886651 ,0.0,17:48:50 pm,1663157930511
-0.06943185 ,1.1492168 ,9.691729,23.53336318396032,87.3230726737529 ,58.31999588012695,91.09536708886651 ,0.0,17:48:50 pm,1663157930517
-0.30885202 ,1.127669 ,10.907983,23.53336318396032,87.3230726737529 ,58.31999588012695,91.09536708886651 ,0.0,17:48:50 pm,1663157930521
-0.19393034 ,1.0079589 ,11.997345,23.53336318396032,87.3230726737529 ,58.31999588012695,91.09536708886651 ,0.0,17:48:50 pm,1663157930526
-0.2705448 ,0.78769237 ,10.8864355,23.53336318396032,87.3230726737529 ,58.31999588012695,91.09536708886651 ,0.0,17:48:50 pm,1663157930533
-0.17477672 ,0.6847417 ,11.525687,23.53336318396032,87.3230726737529 ,58.31999588012695,91.09536708886651 ,0.0,17:48:50 pm,1663157930536
0.10055647 ,0.91458505 ,12.509704,23.53336318396032,87.3230726737529 ,58.31999588012695,91.09536708886651 ,0.0,17:48:50 pm,1663157930541
-0.17717093 ,1.6065093 ,11.47062,23.53336318396032,87.3230726737529 ,58.31999588012695,91.09536708886651 ,0.0,17:48:50 pm,1663157930549
-0.7230489 ,1.6783354 ,10.618284,23.53336318396032,87.3230726737529 ,58.31999588012695,91.09536708886651 ,0.0,17:48:50 pm,1663157930551
-0.28491 ,1.5466543 ,9.873688,23.53336318396032,87.3230726737529 ,58.31999588012695,91.09536708886651 ,0.0,17:48:50 pm,1663157930556
0.38067806 ,1.7262194 ,8.540117,23.53336318396032,87.3230726737529 ,58.31999588012695,91.09536708886651 ,0.0,17:48:50 pm,1663157930561
0.021547815 ,1.99437 ,7.2927384,23.53336318396032,87.3230726737529 ,58.31999588012695,91.09536708886651 ,0.0,17:48:50 pm,1663157930567
0.11252748 ,2.0949266 ,7.273585,23.53336318396032,87.3230726737529 ,58.31999588012695,93.54008683715747 ,0.0,17:48:50 pm,1663157930572
0.2633622 ,2.1021092 ,6.8809357,23.53336318396032,87.3230726737529 ,58.31999588012695,93.54008683715747 ,0.0,17:48:50 pm,1663157930577
0.6847417 ,1.7142484 ,7.7069354,23.53336318396032,87.3230726737529 ,58.31999588012695,93.54008683715747 ,0.0,17:48:50 pm,1663157930583
1.2186487 ,1.2521675 ,7.785944,23.53336318396032,87.3230726737529 ,58.31999588012695,93.54008683715747 ,0.0,17:48:50 pm,1663157930586
1.1133038 ,1.1755531 ,7.129933,23.53336318396032,87.3230726737529 ,58.31999588012695,93.54008683715747 ,0.0,17:48:50 pm,1663157930591
1.2976574 ,1.1994951 ,9.208099,23.53336318396032,87.3230726737529 ,58.31999588012695,93.54008683715747 ,0.0,17:48:50 pm,1663157930598
0.59136784 ,1.1492168 ,9.703699,23.53336318396032,87.3230726737529 ,58.31999588012695,93.54008683715747 ,0.0,17:48:50 pm,1663157930602
0.29688102 ,1.0271125 ,9.672575,23.53336318396032,87.3230726737529 ,58.31999588012695,93.54008683715747 ,0.0,17:48:50 pm,1663157930606
0.5554548 ,0.58418524 ,11.767501,23.53336318396032,87.3230726737529 ,58.31999588012695,93.54008683715747 ,0.0,17:48:50 pm,1663157930615
0.6679823 ,0.24181437 ,12.974179,23.53336318396032,87.3230726737529 ,58.31999588012695,93.54008683715747 ,0.0,17:48:50 pm,1663157930618
0.17717093 ,-0.2681506 ,13.716381,23.53336318396032,87.3230726737529 ,58.31999588012695,93.54008683715747 ,0.0,17:48:50 pm,1663157930622
0.30885202 ,-0.91458505 ,14.686033,23.53336318396032,87.3230726737529 ,58.31999588012695,93.54008683715747 ,0.0,17:48:50 pm,1663157930627
1.1372458 ,-1.1444284 ,15.373169,23.53336318396032,87.3230726737529 ,58.31999588012695,93.54008683715747 ,0.0,17:48:50 pm,1663157930633
1.4413095 ,-1.2162545 ,15.018827,23.53336318396032,87.3230726737529 ,58.31999588012695,93.54008683715747 ,0.0,17:48:50 pm,1663157930637
1.340753 ,-1.1923125 ,15.4880905,23.53336318396032,87.3230726737529 ,58.31999588012695,93.54008683715747 ,0.0,17:48:50 pm,1663157930641
1.0749966 ,-1.1468226 ,16.005238,23.53336318396032,87.3230726737529 ,58.31999588012695,93.54008683715747 ,0.0,17:48:50 pm,1663157930648
1.0821792 ,-0.6967127 ,14.329297,23.53336318396032,87.3230726737529 ,58.31999588012695,93.54008683715747 ,0.0,17:48:50 pm,1663157930653
0.62009823 ,-0.47165772 ,14.168885,23.53336318396032,87.3230726737529 ,58.31999588012695,93.54008683715747 ,0.0,17:48:50 pm,1663157930657
0.58657944 ,-0.05267244 ,13.493721,23.53336318396032,87.3230726737529 ,58.31999588012695,93.54008683715747 ,0.0,17:48:50 pm,1663157930665
0.5746084 ,0.47165772 ,11.832145,23.53336318396032,87.3230726737529 ,58.31999588012695,93.54008683715747 ,0.0,17:48:50 pm,1663157930668
1.13964 ,1.0941502 ,10.91756,23.53336318396032,87.3230726737529 ,58.31999588012695,93.54008683715747 ,0.0,17:48:50 pm,1663157930672
1.3862427 ,1.7405846 ,9.354146,23.53336318396032,87.3230726737529 ,58.31999588012695,93.54008683715747 ,0.0,17:48:50 pm,1663157930677
1.7142484 ,2.384625 ,7.3190746,23.53336318396032,87.3230726737529 ,58.31999588012695,93.54008683715747 ,0.0,17:48:50 pm,1663157930683
2.1404164 ,2.566584 ,6.5577183,23.53336318396032,87.3230726737529 ,58.31999588012695,93.54008683715747 ,0.0,17:48:50 pm,1663157930687
2.5234885 ,3.0597897 ,5.3318872,23.53336318396032,87.3230726737529 ,58.31999588012695,93.54008683715747 ,0.0,17:48:50 pm,1663157930692
2.2146366 ,3.4237084 ,4.369418,23.53336318396032,87.3230726737529 ,58.31999588012695,93.54008683715747 ,0.0,17:48:50 pm,1663157930699
2.0039468 ,3.4691982 ,3.892972,23.53336318396032,87.3230726737529 ,58.31999588012695,93.54008683715747 ,0.0,17:48:50 pm,1663157930703
2.0733786 ,3.5051112 ,3.8474822,23.53336318396032,87.3230726737529 ,58.31999588012695,93.54008683715747 ,0.0,17:48:50 pm,1663157930707
1.9536686 ,3.632004 ,3.7205894,23.53336318396032,87.3230726737529 ,58.31999588012695,93.54008683715747 ,0.0,17:48:50 pm,1663157930715
1.5658079 ,3.5936968 ,4.3239284,23.53336318396032,87.3230726737529 ,58.31999588012695,93.54008683715747 ,0.0,17:48:50 pm,1663157930718
0.45968673 ,2.9903579 ,5.410896,23.53336318396032,87.3230726737529 ,58.31999588012695,93.54008683715747 ,0.0,17:48:50 pm,1663157930723
-0.2873042 ,2.4899697 ,5.9663506,23.53336318396032,87.3230726737529 ,58.31999588012695,93.54008683715747 ,0.0,17:48:50 pm,1663157930727
-0.4429273 ,2.2457612 ,6.835446,23.53336318396032,87.3230726737529 ,58.31999588012695,93.54008683715747 ,0.0,17:48:50 pm,1663157930733
-0.6368576 ,2.1212628 ,8.137892,23.53336318396032,87.3230726737529 ,58.31999588012695,93.54008683715747 ,0.0,17:48:50 pm,1663157930737
-1.0390835 ,1.8507179 ,8.896853,23.53336318396032,87.3230726737529 ,58.31999588012695,93.54008683715747 ,0.0,17:48:50 pm,1663157930743
-1.3359646 ,1.460463 ,9.569624,23.53336318396032,87.3230726737529 ,58.31999588012695,93.54008683715747 ,0.0,17:48:50 pm,1663157930749
-1.5394717 ,0.9504981 ,9.67018,23.53336318396032,87.3230726737529 ,58.31999588012695,93.54008683715747 ,0.0,17:48:50 pm,1663157930753
-1.3359646 ,0.58657944 ,9.43076,23.53336318396032,87.3230726737529 ,58.31999588012695,93.54008683715747 ,0.0,17:48:50 pm,1663157930757
-1.2952632 ,0.56982 ,9.82341,23.53336318396032,87.3230726737529 ,58.31999588012695,93.54008683715747 ,0.0,17:48:50 pm,1663157930765
-1.3742718 ,0.50278234 ,9.569624,23.53336318396032,87.3230726737529 ,58.31999588012695,93.54008683715747 ,0.0,17:48:50 pm,1663157930768
-1.079785 ,0.076614454 ,7.8745294,23.53336318396032,87.3230726737529 ,58.31999588012695,93.54008683715747 ,0.0,17:48:50 pm,1663157930773
-0.47644615 ,-0.19632454 ,7.8146744,23.53336318396032,87.3230726737529 ,58.31999588012695,93.54008683715747 ,0.0,17:48:50 pm,1663157930778
0.46686932 ,-0.110133275 ,7.129933,23.53336318396032,87.3230726737529 ,58.31999588012695,93.54008683715747 ,0.0,17:48:50 pm,1663157930783
0.4189853 ,0.14844051 ,6.5098343,23.53336318396032,87.3230726737529 ,58.31999588012695,93.54008683715747 ,0.0,17:48:50 pm,1663157930788
0.11252748 ,0.34955344 ,6.801927,23.53336318396032,87.3230726737529 ,58.31999588012695,93.54008683715747 ,0.0,17:48:50 pm,1663157930792
-0.10534488 ,0.51475334 ,7.3885064,23.53336318396032,87.3230726737529 ,58.31999588012695,93.54008683715747 ,0.0,17:48:50 pm,1663157930799
-0.22505496 ,0.6512229 ,6.8641763,23.53336318396032,87.3230726737529 ,58.31999588012695,93.54008683715747 ,0.0,17:48:50 pm,1663157930803
-0.37110126 ,0.37828386 ,7.264008,23.53336318396032,87.3230726737529 ,58.31999588012695,93.54008683715747 ,0.0,17:48:50 pm,1663157930808
0.23463176 ,0.24660277 ,6.849811,23.53336318396032,87.3230726737529 ,58.31999588012695,93.54008683715747 ,0.0,17:48:50 pm,1663157930815
-0.107739076 ,0.17238252 ,7.2472486,23.53336318396032,87.3230726737529 ,58.31999588012695,93.54008683715747 ,0.0,17:48:50 pm,1663157930818
0.016759412 ,-0.4213795 ,8.939949,23.53336318396032,87.3230726737529 ,58.31999588012695,93.54008683715747 ,0.0,17:48:50 pm,1663157930823
0.32321724 ,-0.7469909 ,9.562442,23.53336318396032,87.3230726737529 ,58.31999588012695,93.54008683715747 ,0.0,17:48:50 pm,1663157930828
