x,y,z,latitude,longitude,speed,sound,light,time,timestamp
-1.2138603 ,1.0199299 ,11.774684,23.533633248880506,87.32212166301906 ,19.619999313354494,75.33779761204005 ,0.0,17:48:58 pm,1663157938876
-1.2521675 ,0.9888053 ,11.99495,23.533633248880506,87.32212166301906 ,19.619999313354494,75.33779761204005 ,0.0,17:48:58 pm,1663157938882
-1.1300632 ,1.0271125 ,12.030864,23.533633248880506,87.32212166301906 ,19.619999313354494,75.33779761204005 ,0.0,17:48:58 pm,1663157938885
-0.9744401 ,1.0821792 ,11.927913,23.533633248880506,87.32212166301906 ,19.619999313354494,75.33779761204005 ,0.0,17:48:58 pm,1663157938891
-0.79248077 ,1.1875241 ,11.571177,23.533633248880506,87.32212166301906 ,19.619999313354494,75.33779761204005 ,0.0,17:48:58 pm,1663157938895
-0.58897364 ,1.3431472 ,11.154586,23.533633248880506,87.32212166301906 ,19.619999313354494,75.33779761204005 ,0.0,17:48:58 pm,1663157938900
-0.46208093 ,1.5107412 ,10.66138,23.533633248880506,87.32212166301906 ,19.619999313354494,75.33779761204005 ,0.0,17:48:58 pm,1663157938908
-0.30166942 ,1.7166426 ,10.09156,23.533633248880506,87.32212166301906 ,19.619999313354494,75.33779761204005 ,0.0,17:48:58 pm,1663157938910
-0.18195933 ,1.8483237 ,9.636662,23.533614347688854,87.32208536937833 ,13.464000034332276,75.33779761204005 ,0.0,17:48:58 pm,1663157938916
-0.06464344 ,1.9847932 ,9.203311,23.533614347688854,87.32208536937833 ,13.464000034332276,75.33779761204005 ,0.0,17:48:58 pm,1663157938920
0.011971008 ,2.1140802 ,8.896853,23.533614347688854,87.32208536937833 ,13.464000034332276,75.33779761204005 ,0.0,17:48:58 pm,1663157938927
0.11492168 ,2.2170308 ,8.619126,23.533614347688854,87.32208536937833 ,13.464000034332276,75.33779761204005 ,0.0,17:48:58 pm,1663157938931
0.2777274 ,2.3942018 ,8.418014,23.533614347688854,87.32208536937833 ,13.464000034332276,75.33779761204005 ,0.0,17:48:58 pm,1663157938935
0.2825158 ,2.4899697 ,8.391677,23.533614347688854,87.32208536937833 ,13.464000034332276,75.33779761204005 ,0.0,17:48:58 pm,1663157938941
0.23942018 ,2.552219 ,8.444349,23.533614347688854,87.32208536937833 ,13.464000034332276,75.33779761204005 ,0.0,17:48:58 pm,1663157938945
0.18914193 ,2.5617957 ,8.583213,23.533614347688854,87.32208536937833 ,13.464000034332276,75.33779761204005 ,0.0,17:48:58 pm,1663157938951
0.1436521 ,2.540248 ,8.748413,23.533614347688854,87.32208536937833 ,13.464000034332276,75.33779761204005 ,0.0,17:48:58 pm,1663157938958
0.09816227 ,2.5115175 ,8.836999,23.533614347688854,87.32208536937833 ,13.464000034332276,75.33779761204005 ,0.0,17:48:58 pm,1663157938961
0.05267244 ,2.44448 ,8.949526,23.533614347688854,87.32208536937833 ,13.464000034332276,75.33779761204005 ,0.0,17:48:58 pm,1663157938966
-0.15322891 ,2.2960393 ,8.961497,23.533614347688854,87.32208536937833 ,13.464000034332276,75.33779761204005 ,0.0,17:48:58 pm,1663157938971
-0.37110126 ,2.15957 ,9.035717,23.533614347688854,87.32208536937833 ,13.464000034332276,75.33779761204005 ,0.0,17:48:58 pm,1663157938977
-0.5530606 ,2.0350714 ,9.131485,23.533614347688854,87.32208536937833 ,13.464000034332276,75.33779761204005 ,0.0,17:48:58 pm,1663157938980
-0.79726917 ,1.9201498 ,9.275137,23.533614347688854,87.32208536937833 ,13.464000034332276,75.33779761204005 ,0.0,17:48:58 pm,1663157938986
-0.9696517 ,1.7669208 ,9.382876,23.533614347688854,87.32208536937833 ,13.464000034332276,75.33779761204005 ,0.0,17:48:58 pm,1663157938992
-1.151611 ,1.6352397 ,9.552865,23.533614347688854,87.32208536937833 ,13.464000034332276,75.33779761204005 ,0.0,17:48:58 pm,1663157938996
-1.2880806 ,1.553837 ,9.691729,23.533614347688854,87.32208536937833 ,13.464000034332276,75.33779761204005 ,0.0,17:48:59 pm,1663157939001
-1.412579 ,1.4987702 ,9.7563715,23.533614347688854,87.32208536937833 ,13.464000034332276,75.33779761204005 ,0.0,17:48:59 pm,1663157939008
-1.4939818 ,1.496376 ,9.727641,23.533614347688854,87.32208536937833 ,13.464000034332276,75.33779761204005 ,0.0,17:48:59 pm,1663157939011
-1.5634137 ,1.5155296 ,9.583989,23.533614347688854,87.32208536937833 ,13.464000034332276,75.33779761204005 ,0.0,17:48:59 pm,1663157939016
-1.6041151 ,1.5897499 ,9.272743,23.533614347688854,87.32208536937833 ,13.464000034332276,75.33779761204005 ,0.0,17:48:59 pm,1663157939021
-1.6256629 ,1.6663644 ,8.966286,23.533614347688854,87.32208536937833 ,13.464000034332276,75.33779761204005 ,0.0,17:48:59 pm,1663157939027
-1.6136919 ,1.769315 ,8.602366,23.533614347688854,87.32208536937833 ,13.464000034332276,75.33779761204005 ,0.0,17:48:59 pm,1663157939031
-1.5370775 ,1.8962077 ,8.111555,23.533614347688854,87.32208536937833 ,13.464000034332276,75.33779761204005 ,0.0,17:48:59 pm,1663157939036
-1.4293385 ,2.006341 ,7.726089,23.533614347688854,87.32208536937833 ,13.464000034332276,75.33779761204005 ,0.0,17:48:59 pm,1663157939043
-1.3096284 ,2.1571758 ,7.299921,23.533614347688854,87.32208536937833 ,13.464000034332276,75.33779761204005 ,0.0,17:48:59 pm,1663157939046
-1.2234371 ,2.2266076 ,6.9623384,23.533614347688854,87.32208536937833 ,13.464000034332276,75.33779761204005 ,0.0,17:48:59 pm,1663157939051
-1.2330139 ,2.2840683 ,6.7971387,23.533614347688854,87.32208536937833 ,13.464000034332276,75.33779761204005 ,0.0,17:48:59 pm,1663157939058
-1.283292 ,2.2888567 ,6.739678,23.533614347688854,87.32208536937833 ,13.464000034332276,75.33779761204005 ,0.0,17:48:59 pm,1663157939061
-1.3072342 ,2.2218192 ,6.8522053,23.533614347688854,87.32208536937833 ,13.464000034332276,75.33779761204005 ,0.0,17:48:59 pm,1663157939066
-1.3263878 ,2.0709844 ,7.2113357,23.533614347688854,87.32208536937833 ,13.464000034332276,75.33779761204005 ,0.0,17:48:59 pm,1663157939071
-1.4532804 ,1.8243817 ,7.627927,23.533614347688854,87.32208536937833 ,13.464000034332276,75.33779761204005 ,0.0,17:48:59 pm,1663157939077
-1.5729905 ,1.6400281 ,8.209718,23.533614347688854,87.32208536937833 ,13.464000034332276,75.33779761204005 ,0.0,17:48:59 pm,1663157939082
-1.7860745 ,1.4221559 ,9.131485,23.533614347688854,87.32208536937833 ,13.464000034332276,75.33779761204005 ,0.0,17:48:59 pm,1663157939086
-1.9656396 ,1.2306197 ,9.844957,23.533614347688854,87.32208536937833 ,13.464000034332276,75.33779761204005 ,0.0,17:48:59 pm,1663157939092
-2.1308396 ,1.0606314 ,10.603919,23.533614347688854,87.32208536937833 ,13.464000034332276,75.33779761204005 ,0.0,17:48:59 pm,1663157939096
-2.336741 ,0.90979666 ,11.046846,23.533614347688854,87.32208536937833 ,13.464000034332276,75.33779761204005 ,0.0,17:48:59 pm,1663157939102
-2.4588451 ,0.82121116 ,11.358093,23.533614347688854,87.32208536937833 ,13.464000034332276,75.33779761204005 ,0.0,17:48:59 pm,1663157939108
-2.5306711 ,0.770933 ,11.525687,23.533614347688854,87.32208536937833 ,13.464000034332276,75.33779761204005 ,0.0,17:48:59 pm,1663157939111
-2.5091233 ,0.78050977 ,11.492168,23.533614347688854,87.32208536937833 ,13.464000034332276,75.33779761204005 ,0.0,17:48:59 pm,1663157939116
-2.3894134 ,0.830788 ,11.118672,23.533614347688854,87.32208536937833 ,13.464000034332276,75.33779761204005 ,0.0,17:48:59 pm,1663157939124
-2.2266076 ,0.90740246 ,10.685322,23.533614347688854,87.32208536937833 ,13.464000034332276,75.33779761204005 ,0.0,17:48:59 pm,1663157939127
-2.0805612 ,0.9816227 ,10.132261,23.533614347688854,87.32208536937833 ,13.464000034332276,75.33779761204005 ,0.0,17:48:59 pm,1663157939131
-1.8315643 ,1.1372458 ,9.514558,23.533614347688854,87.32208536937833 ,13.464000034332276,75.33779761204005 ,0.0,17:48:59 pm,1663157939137
-1.5801731 ,1.2449849 ,9.076419,23.533614347688854,87.32208536937833 ,13.464000034332276,75.33779761204005 ,0.0,17:48:59 pm,1663157939142
-1.3814543 ,1.3072342 ,8.664616,23.533614347688854,87.32208536937833 ,13.464000034332276,75.33779761204005 ,0.0,17:48:59 pm,1663157939147
-1.1228806 ,1.3120226 ,8.477868,23.533614347688854,87.32208536937833 ,13.464000034332276,75.33779761204005 ,0.0,17:48:59 pm,1663157939152
-0.9840169 ,1.2641385 ,8.465898,23.533614347688854,87.32208536937833 ,13.464000034332276,75.33779761204005 ,0.0,17:48:59 pm,1663157939158
-0.92895025 ,1.1563994 ,8.628703,23.533614347688854,87.32208536937833 ,13.464000034332276,75.33779761204005 ,0.0,17:48:59 pm,1663157939161
-0.9504981 ,1.0726024 ,8.947132,23.533614347688854,87.32208536937833 ,13.464000034332276,75.33779761204005 ,0.0,17:48:59 pm,1663157939166
-1.0773908 ,0.9911995 ,9.526528,23.533614347688854,87.32208536937833 ,13.464000034332276,75.33779761204005 ,0.0,17:48:59 pm,1663157939175
-1.3575124 ,0.9648633 ,9.950302,23.533614347688854,87.32208536937833 ,13.464000034332276,75.33779761204005 ,0.0,17:48:59 pm,1663157939178
-1.7118542 ,0.90261406 ,10.479421,23.533614347688854,87.32208536937833 ,13.464000034332276,75.33779761204005 ,0.0,17:48:59 pm,1663157939182
-1.7549498 ,0.9600749 ,10.955867,23.533614347688854,87.32208536937833 ,13.464000034332276,75.33779761204005 ,0.0,17:48:59 pm,1663157939186
-1.7717092 ,0.9576807 ,11.240777,23.533614347688854,87.32208536937833 ,13.464000034332276,75.33779761204005 ,0.0,17:48:59 pm,1663157939192
-1.661576 ,0.9911995 ,11.463438,23.533614347688854,87.32208536937833 ,13.464000034332276,75.33779761204005 ,0.0,17:48:59 pm,1663157939196
-1.5011644 ,1.0103531 ,11.504139,23.533614347688854,87.32208536937833 ,13.464000034332276,75.33779761204005 ,0.0,17:48:59 pm,1663157939202
-1.3431472 ,1.0366893 ,11.437101,23.533614347688854,87.32208536937833 ,13.464000034332276,75.33779761204005 ,0.0,17:48:59 pm,1663157939207
-1.1707647 ,1.0845734 ,11.235989,23.533614347688854,87.32208536937833 ,13.464000034332276,69.48622154005685 ,0.0,17:48:59 pm,1663157939211
-1.067814 ,1.151611 ,11.015722,23.533614347688854,87.32208536937833 ,13.464000034332276,69.48622154005685 ,0.0,17:48:59 pm,1663157939216
-0.9935937 ,1.2473791 ,10.6877165,23.533614347688854,87.32208536937833 ,13.464000034332276,69.48622154005685 ,0.0,17:48:59 pm,1663157939224
-0.94810385 ,1.42455 ,10.395624,23.533614347688854,87.32208536937833 ,13.464000034332276,69.48622154005685 ,0.0,17:48:59 pm,1663157939226
-0.91219085 ,1.5490485 ,10.065224,23.533614347688854,87.32208536937833 ,13.464000034332276,69.48622154005685 ,0.0,17:48:59 pm,1663157939235
-0.81402856 ,1.6591818 ,9.639056,23.533614347688854,87.32208536937833 ,13.464000034332276,69.48622154005685 ,0.0,17:48:59 pm,1663157939237
-0.7278373 ,1.7357962 ,9.272743,23.533614347688854,87.32208536937833 ,13.464000034332276,69.48622154005685 ,0.0,17:48:59 pm,1663157939243
-0.59136784 ,1.7788919 ,8.791509,23.533614347688854,87.32208536937833 ,13.464000034332276,69.48622154005685 ,0.0,17:48:59 pm,1663157939247
-0.39983168 ,1.8483237 ,8.487445,23.533614347688854,87.32208536937833 ,13.464000034332276,69.48622154005685 ,0.0,17:48:59 pm,1663157939252
-0.33039984 ,1.8962077 ,8.303091,23.533614347688854,87.32208536937833 ,13.464000034332276,69.48622154005685 ,0.0,17:48:59 pm,1663157939257
-0.30645782 ,1.9560628 ,8.257602,23.533614347688854,87.32208536937833 ,13.464000034332276,69.48622154005685 ,0.0,17:48:59 pm,1663157939262
-0.33758244 ,2.0015526 ,8.374918,23.533614347688854,87.32208536937833 ,13.464000034332276,69.48622154005685 ,0.0,17:48:59 pm,1663157939267
-0.35673606 ,2.054225 ,8.542512,23.533614347688854,87.32208536937833 ,13.464000034332276,69.48622154005685 ,0.0,17:48:59 pm,1663157939275
-0.37349546 ,1.9871874 ,8.714894,23.533614347688854,87.32208536937833 ,13.464000034332276,69.48622154005685 ,0.0,17:48:59 pm,1663157939279
-0.4333505 ,1.8986019 ,8.865729,23.533614347688854,87.32208536937833 ,13.464000034332276,69.48622154005685 ,0.0,17:48:59 pm,1663157939282
-0.5434838 ,1.7764976 ,8.978256,23.533614347688854,87.32208536937833 ,13.464000034332276,69.48622154005685 ,0.0,17:48:59 pm,1663157939287
-0.6512229 ,1.6687586 ,9.121908,23.533614347688854,87.32208536937833 ,13.464000034332276,69.48622154005685 ,0.0,17:48:59 pm,1663157939294
-0.7589619 ,1.5610195 ,9.28232,23.533614347688854,87.32208536937833 ,13.464000034332276,69.48622154005685 ,0.0,17:48:59 pm,1663157939297
-0.91937345 ,1.3790601 ,9.363723,23.533614347688854,87.32208536937833 ,13.464000034332276,69.48622154005685 ,0.0,17:48:59 pm,1663157939302
-0.9959879 ,1.2354081 ,9.44752,23.533614347688854,87.32208536937833 ,13.464000034332276,69.48622154005685 ,0.0,17:48:59 pm,1663157939309
-1.055843 ,1.0989386 ,9.562442,23.533614347688854,87.32208536937833 ,13.464000034332276,69.48622154005685 ,0.0,17:48:59 pm,1663157939313
-1.0366893 ,1.0127473 ,9.646238,23.533614347688854,87.32208536937833 ,13.464000034332276,69.48622154005685 ,0.0,17:48:59 pm,1663157939318
-1.055843 ,0.9504981 ,9.725247,23.533614347688854,87.32208536937833 ,13.464000034332276,69.48622154005685 ,0.0,17:48:59 pm,1663157939326
-1.055843 ,0.866701 ,9.770737,23.533614347688854,87.32208536937833 ,13.464000034332276,69.48622154005685 ,0.0,17:48:59 pm,1663157939328
-1.115698 ,0.79726917 ,9.811439,23.533614347688854,87.32208536937833 ,13.464000034332276,69.48622154005685 ,0.0,17:48:59 pm,1663157939333
-1.1563994 ,0.7254431 ,9.797073,23.533614347688854,87.32208536937833 ,13.464000034332276,69.48622154005685 ,0.0,17:48:59 pm,1663157939338
-1.1803415 ,0.6967127 ,9.701305,23.533614347688854,87.32208536937833 ,13.464000034332276,69.48622154005685 ,0.0,17:48:59 pm,1663157939344
-1.13964 ,0.6823475 ,9.572019,23.533614347688854,87.32208536937833 ,13.464000034332276,69.48622154005685 ,0.0,17:48:59 pm,1663157939348
-1.1468226 ,0.6919243 ,9.411607,23.533614347688854,87.32208536937833 ,13.464000034332276,69.48622154005685 ,0.0,17:48:59 pm,1663157939353
-1.1468226 ,0.7326257 ,9.263166,23.533614347688854,87.32208536937833 ,13.464000034332276,69.48622154005685 ,0.0,17:48:59 pm,1663157939359
-1.1611878 ,0.78290397 ,9.050082,23.533614347688854,87.32208536937833 ,13.464000034332276,69.48622154005685 ,0.0,17:48:59 pm,1663157939363
-1.1228806 ,0.842759 ,8.827422,23.533614347688854,87.32208536937833 ,13.464000034332276,69.48622154005685 ,0.0,17:48:59 pm,1663157939368
-1.0869676 ,0.91697925 ,8.588001,23.533614347688854,87.32208536937833 ,13.464000034332276,69.48622154005685 ,0.0,17:48:59 pm,1663157939374
