x,y,z,latitude,longitude,speed,sound,light,time,timestamp
-1.484405 ,-1.2378023 ,12.887988,23.533104602247477,87.32786108739674 ,38.124000549316406,81.71932585488351 ,0.0,17:48:13 pm,1663157893134
-1.7238252 ,-1.1300632 ,13.108254,23.533104602247477,87.32786108739674 ,38.124000549316406,81.71932585488351 ,0.0,17:48:13 pm,1663157893141
-1.9369092 ,-0.9840169 ,12.818556,23.533104602247477,87.32786108739674 ,38.124000549316406,81.71932585488351 ,0.0,17:48:13 pm,1663157893145
-2.0087352 ,-0.7422025 ,11.975797,23.533104602247477,87.32786108739674 ,38.124000549316406,81.71932585488351 ,0.0,17:48:13 pm,1663157893150
-2.0398598 ,-0.49799395 ,11.166556,23.533104602247477,87.32786108739674 ,38.124000549316406,81.71932585488351 ,0.0,17:48:13 pm,1663157893158
-1.8770541 ,-0.17238252 ,10.419566,23.533104602247477,87.32786108739674 ,38.124000549316406,81.71932585488351 ,0.0,17:48:13 pm,1663157893161
-1.6400281 ,0.15562311 ,9.892841,23.533104602247477,87.32786108739674 ,38.124000549316406,81.71932585488351 ,0.0,17:48:13 pm,1663157893165
-1.2976574 ,0.45489833 ,9.44752,23.533104602247477,87.32786108739674 ,38.124000549316406,81.71932585488351 ,0.0,17:48:13 pm,1663157893169
-0.8834604 ,0.7350199 ,8.180987,23.533104602247477,87.32786108739674 ,38.124000549316406,81.71932585488351 ,0.0,17:48:13 pm,1663157893176
-0.641646 ,1.0869676 ,7.7093296,23.533104602247477,87.32786108739674 ,38.124000549316406,81.71932585488351 ,0.0,17:48:13 pm,1663157893180
0.01436521 ,1.2761095 ,7.2233067,23.533104602247477,87.32786108739674 ,38.124000549316406,81.71932585488351 ,0.0,17:48:13 pm,1663157893184
0.32561144 ,1.3670892 ,7.383718,23.533104602247477,87.32786108739674 ,38.124000549316406,81.71932585488351 ,0.0,17:48:13 pm,1663157893191
0.17717093 ,1.4341269 ,7.5584946,23.533104602247477,87.32786108739674 ,38.124000549316406,81.71932585488351 ,0.0,17:48:13 pm,1663157893195
0.02633622 ,1.4293385 ,8.020576,23.533104602247477,87.32786108739674 ,38.124000549316406,81.71932585488351 ,0.0,17:48:13 pm,1663157893200
-0.110133275 ,1.3431472 ,8.418014,23.533104602247477,87.32786108739674 ,38.124000549316406,81.71932585488351 ,0.0,17:48:13 pm,1663157893208
-0.4141969 ,1.1133038 ,8.631097,23.533104602247477,87.32786108739674 ,38.124000549316406,81.71932585488351 ,0.0,17:48:13 pm,1663157893210
-0.61052144 ,1.0342951 ,8.552089,23.533104602247477,87.32786108739674 ,38.124000549316406,81.71932585488351 ,0.0,17:48:13 pm,1663157893215
-0.89064306 ,0.8834604 ,8.853758,23.533104602247477,87.32786108739674 ,38.124000549316406,81.71932585488351 ,0.0,17:48:13 pm,1663157893220
-1.0726024 ,0.7398083 ,9.270349,23.533104602247477,87.32786108739674 ,38.124000549316406,81.71932585488351 ,0.0,17:48:13 pm,1663157893227
-1.2593501 ,0.62728083 ,9.56723,23.533104602247477,87.32786108739674 ,38.124000549316406,81.71932585488351 ,0.0,17:48:13 pm,1663157893229
-1.6759412 ,0.51475334 ,9.461885,23.533104602247477,87.32786108739674 ,38.124000549316406,81.71932585488351 ,0.0,17:48:13 pm,1663157893235
-1.8243817 ,0.47644615 ,9.308656,23.533104602247477,87.32786108739674 ,38.124000549316406,81.71932585488351 ,0.0,17:48:13 pm,1663157893240
-1.8124107 ,0.50278234 ,9.126697,23.533104602247477,87.32786108739674 ,38.124000549316406,81.71932585488351 ,0.0,17:48:13 pm,1663157893244
-2.006341 ,0.6991069 ,8.920795,23.533104602247477,87.32786108739674 ,38.124000549316406,81.71932585488351 ,0.0,17:48:13 pm,1663157893250
-1.9608512 ,0.82599956 ,8.449138,23.533104602247477,87.32786108739674 ,38.124000549316406,81.71932585488351 ,0.0,17:48:13 pm,1663157893257
-2.099715 ,0.91697925 ,8.329428,23.533104602247477,87.32786108739674 ,38.124000549316406,81.71932585488351 ,0.0,17:48:13 pm,1663157893260
-2.0757728 ,1.0175357 ,7.979874,23.533104602247477,87.32786108739674 ,38.124000549316406,81.71932585488351 ,0.0,17:48:13 pm,1663157893265
-1.7836803 ,1.0726024 ,7.785944,23.533104602247477,87.32786108739674 ,38.124000549316406,81.71932585488351 ,0.0,17:48:13 pm,1663157893270
-1.6448165 ,1.0510546 ,7.491457,23.533104602247477,87.32786108739674 ,38.124000549316406,81.71932585488351 ,0.0,17:48:13 pm,1663157893276
-1.7166426 ,0.9528923 ,7.6614456,23.533104602247477,87.32786108739674 ,38.124000549316406,81.71932585488351 ,0.0,17:48:13 pm,1663157893280
-1.6232687 ,0.7757214 ,7.9846625,23.533104602247477,87.32786108739674 ,38.124000549316406,81.71932585488351 ,0.0,17:48:13 pm,1663157893285
-1.3982137 ,0.7661445 ,8.240842,23.533104602247477,87.32786108739674 ,38.124000549316406,81.71932585488351 ,0.0,17:48:13 pm,1663157893292
-1.3311762 ,0.62488663 ,8.418014,23.533104602247477,87.32786108739674 ,38.124000549316406,81.71932585488351 ,0.0,17:48:13 pm,1663157893295
-1.4772224 ,0.36631286 ,8.520964,23.533104602247477,87.32786108739674 ,38.124000549316406,81.71932585488351 ,0.0,17:48:13 pm,1663157893300
-1.5945383 ,0.1604115 ,8.820239,23.533104602247477,87.32786108739674 ,38.124000549316406,81.71932585488351 ,0.0,17:48:13 pm,1663157893308
-1.5634137 ,0.01436521 ,9.074024,23.533104602247477,87.32786108739674 ,38.124000549316406,81.71932585488351 ,0.0,17:48:13 pm,1663157893311
-1.6400281 ,-0.08619126 ,9.272743,23.533104602247477,87.32786108739674 ,38.124000549316406,81.71932585488351 ,0.0,17:48:13 pm,1663157893315
-1.8028339 ,-0.16280572 ,9.830592,23.533104602247477,87.32786108739674 ,38.124000549316406,81.71932585488351 ,0.0,17:48:13 pm,1663157893320
-2.111686 ,-0.22026655 ,10.395624,23.533104602247477,87.32786108739674 ,38.124000549316406,81.71932585488351 ,0.0,17:48:13 pm,1663157893327
-2.44448 ,-0.22026655 ,10.828975,23.533104602247477,87.32786108739674 ,38.124000549316406,81.71932585488351 ,0.0,17:48:13 pm,1663157893330
-2.8658595 ,-0.24899697 ,11.5951185,23.533104602247477,87.32786108739674 ,38.124000549316406,81.71932585488351 ,0.0,17:48:13 pm,1663157893336
-2.956839 ,-0.090979666 ,12.162544,23.533104602247477,87.32786108739674 ,38.124000549316406,81.71932585488351 ,0.0,17:48:13 pm,1663157893342
-3.0933087 ,-0.035913024 ,12.2319765,23.533104602247477,87.32786108739674 ,38.124000549316406,81.71932585488351 ,0.0,17:48:13 pm,1663157893346
-3.0933087 ,0.045489833 ,11.903971,23.533104602247477,87.32786108739674 ,38.124000549316406,81.71932585488351 ,0.0,17:48:13 pm,1663157893351
-2.8634653 ,0.18914193 ,11.374852,23.533104602247477,87.32786108739674 ,38.124000549316406,81.71932585488351 ,0.0,17:48:13 pm,1663157893358
-2.6862943 ,0.35913026 ,10.139444,23.533104602247477,87.32786108739674 ,38.124000549316406,81.71932585488351 ,0.0,17:48:13 pm,1663157893361
-2.5210943 ,0.51235914 ,9.246407,23.533104602247477,87.32786108739674 ,38.124000549316406,81.71932585488351 ,0.0,17:48:13 pm,1663157893366
-2.291251 ,0.61770403 ,8.59279,23.533104602247477,87.32786108739674 ,38.124000549316406,81.71932585488351 ,0.0,17:48:13 pm,1663157893371
-2.1883004 ,0.6847417 ,8.3150625,23.533104602247477,87.32786108739674 ,38.124000549316406,81.71932585488351 ,0.0,17:48:13 pm,1663157893377
-2.0494366 ,0.6703765 ,8.171411,23.533104602247477,87.32786108739674 ,38.124000549316406,81.71932585488351 ,0.0,17:48:13 pm,1663157893381
-1.8219875 ,0.7110779 ,7.920019,23.533104602247477,87.32786108739674 ,38.124000549316406,81.71932585488351 ,0.0,17:48:13 pm,1663157893386
-1.8459295 ,0.6847417 ,7.563283,23.533104602247477,87.32786108739674 ,38.124000549316406,81.71932585488351 ,0.0,17:48:13 pm,1663157893392
-1.922544 ,0.59615624 ,8.078036,23.533104602247477,87.32786108739674 ,38.124000549316406,81.71932585488351 ,0.0,17:48:13 pm,1663157893396
-1.9895816 ,0.33997664 ,8.671799,23.533104602247477,87.32786108739674 ,38.124000549316406,81.71932585488351 ,0.0,17:48:13 pm,1663157893400
-2.255338 ,0.17238252 ,9.035717,23.533104602247477,87.32786108739674 ,38.124000549316406,81.71932585488351 ,0.0,17:48:13 pm,1663157893409
-2.5067291 ,0.090979666 ,8.865729,23.533104602247477,87.32786108739674 ,38.124000549316406,81.71932585488351 ,0.0,17:48:13 pm,1663157893411
-2.8538885 ,0.079008654 ,9.172187,23.533104602247477,87.32786108739674 ,38.124000549316406,81.71932585488351 ,0.0,17:48:13 pm,1663157893416
-3.1292217 ,0.033518825 ,9.5385,23.533104602247477,87.32786108739674 ,38.124000549316406,81.71932585488351 ,0.0,17:48:13 pm,1663157893421
-3.2154129 ,0.016759412 ,10.000581,23.533104602247477,87.32786108739674 ,38.124000549316406,81.71932585488351 ,0.0,17:48:13 pm,1663157893428
-3.3566709 ,0.055066638 ,10.21127,23.533104602247477,87.32786108739674 ,38.124000549316406,81.71932585488351 ,0.0,17:48:13 pm,1663157893431
-3.430891 ,0.12210429 ,10.457873,23.533104602247477,87.32786108739674 ,38.124000549316406,81.71932585488351 ,0.0,17:48:13 pm,1663157893436
-3.4500446 ,0.17956513 ,10.67814,23.533104602247477,87.32786108739674 ,38.124000549316406,81.71932585488351 ,0.0,17:48:13 pm,1663157893442
-3.383007 ,0.19632454 ,10.881647,23.533104602247477,87.32786108739674 ,38.124000549316406,81.71932585488351 ,0.0,17:48:13 pm,1663157893446
-3.0550013 ,0.2825158 ,10.9343195,23.533104602247477,87.32786108739674 ,38.124000549316406,81.71932585488351 ,0.0,17:48:13 pm,1663157893451
-2.813187 ,0.33039984 ,10.627861,23.533104602247477,87.32786108739674 ,38.124000549316406,81.71932585488351 ,0.0,17:48:13 pm,1663157893458
-2.4612393 ,0.30645782 ,10.5919485,23.533104602247477,87.32786108739674 ,38.124000549316406,81.71932585488351 ,0.0,17:48:13 pm,1663157893461
-2.291251 ,0.32561144 ,10.500969,23.533104602247477,87.32786108739674 ,38.124000549316406,81.71932585488351 ,0.0,17:48:13 pm,1663157893466
-2.195483 ,0.24660277 ,10.354922,23.533104602247477,87.32786108739674 ,38.124000549316406,81.71932585488351 ,0.0,17:48:13 pm,1663157893471
-1.9369092 ,0.19871874 ,10.031705,23.533104602247477,87.32786108739674 ,38.124000549316406,81.71932585488351 ,0.0,17:48:13 pm,1663157893478
-1.9656396 ,0.059855044 ,9.854534,23.533104602247477,87.32786108739674 ,38.124000549316406,81.71932585488351 ,0.0,17:48:13 pm,1663157893482
-1.8722657 ,-0.009576807 ,10.196905,23.533104602247477,87.32786108739674 ,38.124000549316406,81.71932585488351 ,0.0,17:48:13 pm,1663157893487
-1.8339585 ,0.107739076 ,10.0029745,23.533104602247477,87.32786108739674 ,38.124000549316406,81.71932585488351 ,0.0,17:48:13 pm,1663157893493
-2.0853498 ,0.10295067 ,9.792285,23.533104602247477,87.32786108739674 ,38.124000549316406,81.71932585488351 ,0.0,17:48:13 pm,1663157893497
-2.2337902 ,0.25378537 ,9.986216,23.533104602247477,87.32786108739674 ,38.124000549316406,81.71932585488351 ,0.0,17:48:13 pm,1663157893501
-2.4899697 ,0.4333505 ,9.974244,23.533104602247477,87.32786108739674 ,38.124000549316406,81.71932585488351 ,0.0,17:48:13 pm,1663157893509
-2.765303 ,0.61052144 ,9.722853,23.533104602247477,87.32786108739674 ,38.124000549316406,81.71932585488351 ,0.0,17:48:13 pm,1663157893512
-2.707842 ,0.8379706 ,9.55047,23.533104602247477,87.32786108739674 ,38.124000549316406,81.71932585488351 ,0.0,17:48:13 pm,1663157893517
-2.554613 ,0.9911995 ,9.241618,23.533104602247477,87.32786108739674 ,38.124000549316406,81.71932585488351 ,0.0,17:48:13 pm,1663157893522
-2.4971523 ,1.1683705 ,8.920795,23.533104602247477,87.32786108739674 ,38.124000549316406,81.71932585488351 ,0.0,17:48:13 pm,1663157893529
-2.3247697 ,1.3599066 ,8.781932,23.533104602247477,87.32786108739674 ,38.124000549316406,81.71932585488351 ,0.0,17:48:13 pm,1663157893532
-2.0494366 ,1.5275006 ,8.346188,23.533104602247477,87.32786108739674 ,38.124000549316406,81.71932585488351 ,0.0,17:48:13 pm,1663157893537
-1.661576 ,1.400608 ,8.279149,23.533104602247477,87.32786108739674 ,38.124000549316406,81.71932585488351 ,0.0,17:48:13 pm,1663157893543
-1.2354081 ,1.388637 ,8.238448,23.533104602247477,87.32786108739674 ,38.124000549316406,81.71932585488351 ,0.0,17:48:13 pm,1663157893547
-0.90021986 ,1.283292 ,8.406042,23.533104602247477,87.32786108739674 ,38.124000549316406,81.71932585488351 ,0.0,17:48:13 pm,1663157893551
-0.78050977 ,1.2378023 ,8.74123,23.533104602247477,87.32786108739674 ,38.124000549316406,81.71932585488351 ,0.0,17:48:13 pm,1663157893559
-0.8475474 ,1.2378023 ,9.205706,23.533104602247477,87.32786108739674 ,38.124000549316406,81.71932585488351 ,0.0,17:48:13 pm,1663157893562
-0.9888053 ,1.1444284 ,9.483433,23.533104602247477,87.32786108739674 ,38.124000549316406,81.71932585488351 ,0.0,17:48:13 pm,1663157893566
-1.0965444 ,0.9768343 ,9.832987,23.533104602247477,87.32786108739674 ,38.124000549316406,81.71932585488351 ,0.0,17:48:13 pm,1663157893576
-1.1755531 ,0.7134721 ,9.880871,23.533104602247477,87.32786108739674 ,38.124000549316406,81.71932585488351 ,0.0,17:48:13 pm,1663157893578
-1.3144168 ,0.5410896 ,9.691729,23.533104602247477,87.32786108739674 ,38.124000549316406,81.71932585488351 ,0.0,17:48:13 pm,1663157893582
-1.5251064 ,0.3854665 ,9.643845,23.533104602247477,87.32786108739674 ,38.124000549316406,81.71932585488351 ,0.0,17:48:13 pm,1663157893587
-1.5897499 ,0.2777274 ,9.504981,23.533104602247477,87.32786108739674 ,38.124000549316406,81.71932585488351 ,0.0,17:48:13 pm,1663157893593
-1.6256629 ,0.23223756 ,9.713276,23.533104602247477,87.32786108739674 ,38.124000549316406,81.71932585488351 ,0.0,17:48:13 pm,1663157893597
-1.958457 ,0.0047884034 ,9.895236,23.533104602247477,87.32786108739674 ,38.124000549316406,81.71932585488351 ,0.0,17:48:13 pm,1663157893601
-2.0135236 ,-0.11252748 ,10.115502,23.533104602247477,87.32786108739674 ,38.124000549316406,81.71932585488351 ,0.0,17:48:13 pm,1663157893609
-2.0135236 ,-0.23942018 ,9.969456,23.533104602247477,87.32786108739674 ,38.124000549316406,76.98351137995456 ,0.0,17:48:13 pm,1663157893613
-1.9608512 ,-0.33279404 ,10.007763,23.533104602247477,87.32786108739674 ,38.124000549316406,76.98351137995456 ,0.0,17:48:13 pm,1663157893617
-2.0350714 ,-0.4213795 ,10.326192,23.533104602247477,87.32786108739674 ,38.124000549316406,76.98351137995456 ,0.0,17:48:13 pm,1663157893625
-2.1428106 ,-0.46926352 ,10.31901,23.533104602247477,87.32786108739674 ,38.124000549316406,76.98351137995456 ,0.0,17:48:13 pm,1663157893628
-2.3080103 ,-0.47644615 ,10.350134,23.533104602247477,87.32786108739674 ,38.124000549316406,76.98351137995456 ,0.0,17:48:13 pm,1663157893632
