x,y,z,latitude,longitude,speed,sound,light,time,timestamp
-2.0685902 ,7.129933 ,6.1004257,23.514730255119503,87.33373143710196 ,5.471999931335449,68.5021290501983 ,0.0,18:04:13 pm,1663158853260
-2.372654 ,7.0581064 ,6.078878,23.514730255119503,87.33373143710196 ,5.471999931335449,68.5021290501983 ,0.0,18:04:13 pm,1663158853265
-2.480393 ,7.1083846 ,6.2345014,23.514730255119503,87.33373143710196 ,5.471999931335449,68.5021290501983 ,0.0,18:04:13 pm,1663158853270
-2.4708161 ,7.2472486 ,6.4523735,23.514730255119503,87.33373143710196 ,5.471999931335449,68.5021290501983 ,0.0,18:04:13 pm,1663158853276
-2.5330653 ,7.386112 ,6.7085533,23.514730255119503,87.33373143710196 ,5.471999931335449,68.5021290501983 ,0.0,18:04:13 pm,1663158853281
-2.3702598 ,7.6231384 ,7.2304893,23.514730255119503,87.33373143710196 ,5.471999931335449,68.5021290501983 ,0.0,18:04:13 pm,1663158853286
-2.0925324 ,7.8865004 ,7.702147,23.514730255119503,87.33373143710196 ,5.471999931335449,68.5021290501983 ,0.0,18:04:13 pm,1663158853292
-1.8124107 ,8.149862 ,8.212111,23.514730255119503,87.33373143710196 ,5.471999931335449,68.5021290501983 ,0.0,18:04:13 pm,1663158853296
-1.685518 ,8.540117 ,8.66701,23.514730255119503,87.33373143710196 ,5.471999931335449,68.5021290501983 ,0.0,18:04:13 pm,1663158853301
-1.7405846 ,8.817844 ,8.90643,23.514730255119503,87.33373143710196 ,5.471999931335449,68.5021290501983 ,0.0,18:04:13 pm,1663158853308
-2.0494366 ,8.966286 ,9.095572,23.514730255119503,87.33373143710196 ,5.471999931335449,68.5021290501983 ,0.0,18:04:13 pm,1663158853311
-2.3822308 ,9.002198 ,9.220071,23.514730255119503,87.33373143710196 ,5.471999931335449,68.5021290501983 ,0.0,18:04:13 pm,1663158853316
-2.705448 ,8.992621 ,9.016563,23.514730255119503,87.33373143710196 ,5.471999931335449,68.5021290501983 ,0.0,18:04:13 pm,1663158853325
-3.1364043 ,8.892065 ,8.604761,23.514730255119503,87.33373143710196 ,5.471999931335449,68.5021290501983 ,0.0,18:04:13 pm,1663158853328
-3.4524388 ,8.791509 ,8.281544,23.514730255119503,87.33373143710196 ,5.471999931335449,68.5021290501983 ,0.0,18:04:13 pm,1663158853331
-3.6415808 ,8.674192 ,7.8529816,23.514730255119503,87.33373143710196 ,5.471999931335449,68.5021290501983 ,0.0,18:04:13 pm,1663158853336
-3.691859 ,8.549694 ,7.4627266,23.514730255119503,87.33373143710196 ,5.471999931335449,68.5021290501983 ,0.0,18:04:13 pm,1663158853343
-3.6296098 ,8.415619 ,6.9743094,23.514730255119503,87.33373143710196 ,5.471999931335449,68.5021290501983 ,0.0,18:04:13 pm,1663158853347
-3.4261026 ,8.202535 ,6.2464724,23.514730255119503,87.33373143710196 ,5.471999931335449,68.5021290501983 ,0.0,18:04:13 pm,1663158853351
-3.040636 ,8.195353 ,5.793968,23.514730255119503,87.33373143710196 ,5.471999931335449,68.5021290501983 ,0.0,18:04:13 pm,1663158853358
-2.3535004 ,8.212111 ,5.461174,23.514730255119503,87.33373143710196 ,5.471999931335449,68.5021290501983 ,0.0,18:04:13 pm,1663158853361
-1.5514427 ,8.192958 ,5.4324436,23.514730255119503,87.33373143710196 ,5.471999931335449,68.5021290501983 ,0.0,18:04:13 pm,1663158853366
-0.7685388 ,8.149862 ,5.461174,23.514730255119503,87.33373143710196 ,5.471999931335449,68.5021290501983 ,0.0,18:04:13 pm,1663158853375
-0.07182605 ,8.058883 ,5.475539,23.514730255119503,87.33373143710196 ,5.471999931335449,68.5021290501983 ,0.0,18:04:13 pm,1663158853377
0.29448682 ,8.010999 ,5.3678,23.514730255119503,87.33373143710196 ,5.471999931335449,68.5021290501983 ,0.0,18:04:13 pm,1663158853381
0.6655881 ,7.9128366 ,5.094861,23.514730255119503,87.33373143710196 ,5.471999931335449,68.5021290501983 ,0.0,18:04:13 pm,1663158853387
0.81163436 ,7.750031 ,4.891354,23.514730255119503,87.33373143710196 ,5.471999931335449,68.5021290501983 ,0.0,18:04:13 pm,1663158853393
0.80924016 ,7.52737 ,4.853047,23.514730255119503,87.33373143710196 ,5.471999931335449,68.5021290501983 ,0.0,18:04:13 pm,1663158853397
0.5410896 ,7.2065473 ,5.140351,23.514730255119503,87.33373143710196 ,5.471999931335449,68.5021290501983 ,0.0,18:04:13 pm,1663158853403
0.1364695 ,6.9599442 ,5.437232,23.514730255119503,87.33373143710196 ,5.471999931335449,68.5021290501983 ,0.0,18:04:13 pm,1663158853408
-0.4405331 ,6.6726403 ,5.6335564,23.514730255119503,87.33373143710196 ,5.471999931335449,68.5021290501983 ,0.0,18:04:13 pm,1663158853411
-0.8451532 ,6.5026517 ,5.717354,23.514730255119503,87.33373143710196 ,5.471999931335449,68.5021290501983 ,0.0,18:04:13 pm,1663158853416
-1.151611 ,6.361394 ,5.813122,23.514730255119503,87.33373143710196 ,5.471999931335449,68.5021290501983 ,0.0,18:04:13 pm,1663158853424
-1.3838485 ,6.093243 ,6.021417,23.514730255119503,87.33373143710196 ,5.471999931335449,68.5021290501983 ,0.0,18:04:13 pm,1663158853428
-1.5514427 ,5.872977 ,6.385336,23.514730255119503,87.33373143710196 ,5.471999931335449,68.5021290501983 ,0.0,18:04:13 pm,1663158853432
-1.7884687 ,5.674258 ,6.7803793,23.514730255119503,87.33373143710196 ,5.471999931335449,68.5021290501983 ,0.0,18:04:13 pm,1663158853437
-1.970428 ,5.628768 ,6.859388,23.514730255119503,87.33373143710196 ,5.471999931335449,68.5021290501983 ,0.0,18:04:13 pm,1663158853443
-2.0494366 ,5.6886234 ,6.7731967,23.514730255119503,87.33373143710196 ,5.471999931335449,68.5021290501983 ,0.0,18:04:13 pm,1663158853447
-1.9800048 ,5.7604494 ,6.7013707,23.514730255119503,87.33373143710196 ,5.471999931335449,68.5021290501983 ,0.0,18:04:13 pm,1663158853452
-1.7549498 ,5.851429 ,6.631939,23.514730255119503,87.33373143710196 ,5.471999931335449,68.5021290501983 ,0.0,18:04:13 pm,1663158853458
-1.3862427 ,5.9878983 ,6.4068837,23.514730255119503,87.33373143710196 ,5.471999931335449,68.5021290501983 ,0.0,18:04:13 pm,1663158853462
-1.1013328 ,6.131551 ,6.2129536,23.514730255119503,87.33373143710196 ,5.471999931335449,68.5021290501983 ,0.0,18:04:13 pm,1663158853467
-0.7493851 ,6.361394 ,6.0740895,23.514730255119503,87.33373143710196 ,5.471999931335449,68.5021290501983 ,0.0,18:04:13 pm,1663158853475
-0.4429273 ,6.576872 ,6.033388,23.514730255119503,87.33373143710196 ,5.471999931335449,68.5021290501983 ,0.0,18:04:13 pm,1663158853477
-0.08140286 ,6.8210807 ,6.069301,23.514730255119503,87.33373143710196 ,5.471999931335449,68.5021290501983 ,0.0,18:04:13 pm,1663158853482
0.33279404 ,7.053318 ,6.1219735,23.514730255119503,87.33373143710196 ,5.471999931335449,68.5021290501983 ,0.0,18:04:13 pm,1663158853488
0.4357447 ,7.129933 ,6.019023,23.514730255119503,87.33373143710196 ,5.471999931335449,68.5021290501983 ,0.0,18:04:13 pm,1663158853493
0.37588966 ,7.1347213 ,5.707777,23.514730255119503,87.33373143710196 ,5.471999931335449,68.5021290501983 ,0.0,18:04:13 pm,1663158853498
0.17238252 ,7.098808 ,5.4779334,23.514730255119503,87.33373143710196 ,5.471999931335449,68.5021290501983 ,0.0,18:04:13 pm,1663158853502
-0.12210429 ,7.0006456 ,5.365406,23.514730255119503,87.33373143710196 ,5.471999931335449,68.5021290501983 ,0.0,18:04:13 pm,1663158853508
-0.40701428 ,6.859388 ,5.571307,23.514730255119503,87.33373143710196 ,5.471999931335449,68.5021290501983 ,0.0,18:04:13 pm,1663158853513
-0.5363012 ,6.7253127 ,6.0381765,23.514730255119503,87.33373143710196 ,5.471999931335449,68.5021290501983 ,0.0,18:04:13 pm,1663158853517
-0.5386954 ,6.6870055 ,6.6893997,23.514730255119503,87.33373143710196 ,5.471999931335449,68.5021290501983 ,0.0,18:04:13 pm,1663158853525
-0.51235914 ,6.7444663 ,7.0940194,23.514730255119503,87.33373143710196 ,5.471999931335449,68.5021290501983 ,0.0,18:04:13 pm,1663158853528
-0.48362875 ,6.8210807 ,7.3166804,23.514730255119503,87.33373143710196 ,5.471999931335449,68.5021290501983 ,0.0,18:04:13 pm,1663158853532
-0.50278234 ,6.871359 ,7.2352777,23.514730255119503,87.33373143710196 ,5.471999931335449,68.5021290501983 ,0.0,18:04:13 pm,1663158853537
-0.44771573 ,6.873753 ,7.0485296,23.514730255119503,87.33373143710196 ,5.471999931335449,68.5021290501983 ,0.0,18:04:13 pm,1663158853543
-0.30166942 ,6.919243 ,6.7229185,23.514730255119503,87.33373143710196 ,5.471999931335449,68.5021290501983 ,0.0,18:04:13 pm,1663158853547
-0.15322891 ,7.017405 ,6.4906807,23.514730255119503,87.33373143710196 ,5.471999931335449,68.5021290501983 ,0.0,18:04:13 pm,1663158853553
0.0 ,7.1826053 ,6.1985884,23.514730255119503,87.33373143710196 ,5.471999931335449,68.5021290501983 ,0.0,18:04:13 pm,1663158853559
0.2873042 ,7.4387846 ,5.920861,23.514730255119503,87.33373143710196 ,5.471999931335449,68.5021290501983 ,0.0,18:04:13 pm,1663158853563
0.62728083 ,7.678205 ,5.8442464,23.514730255119503,87.33373143710196 ,5.471999931335449,64.62113299221966 ,0.0,18:04:13 pm,1663158853567
1.067814 ,7.9966335 ,5.66947,23.514730255119503,87.33373143710196 ,5.471999931335449,64.62113299221966 ,0.0,18:04:13 pm,1663158853575
1.3623008 ,8.283937 ,5.3821654,23.514730255119503,87.33373143710196 ,5.471999931335449,64.62113299221966 ,0.0,18:04:13 pm,1663158853578
1.5921441 ,8.616732 ,4.972757,23.514730255119503,87.33373143710196 ,5.471999931335449,64.62113299221966 ,0.0,18:04:13 pm,1663158853583
1.5777789 ,8.99741 ,4.2664676,23.514730255119503,87.33373143710196 ,5.471999931335449,64.62113299221966 ,0.0,18:04:13 pm,1663158853587
1.3862427 ,9.172187 ,3.6942532,23.514730255119503,87.33373143710196 ,5.471999931335449,64.62113299221966 ,0.0,18:04:13 pm,1663158853593
1.1947067 ,9.088389 ,2.813187,23.514730255119503,87.33373143710196 ,5.471999931335449,64.62113299221966 ,0.0,18:04:13 pm,1663158853598
1.6184803 ,9.093178 ,2.8562827,23.514730255119503,87.33373143710196 ,5.471999931335449,64.62113299221966 ,0.0,18:04:13 pm,1663158853603
2.360683 ,9.385271 ,3.739743,23.514730255119503,87.33373143710196 ,5.471999931335449,64.62113299221966 ,0.0,18:04:13 pm,1663158853610
3.0095115 ,9.77792 ,4.6662993,23.514730255119503,87.33373143710196 ,5.471999931335449,64.62113299221966 ,0.0,18:04:13 pm,1663158853613
3.2034419 ,10.0341 ,5.449203,23.514730255119503,87.33373143710196 ,5.471999931335449,64.62113299221966 ,0.0,18:04:13 pm,1663158853618
3.3494883 ,10.2735195 ,5.949591,23.514730255119503,87.33373143710196 ,5.471999931335449,64.62113299221966 ,0.0,18:04:13 pm,1663158853624
3.4811692 ,10.4171715 ,6.045359,23.514730255119503,87.33373143710196 ,5.471999931335449,64.62113299221966 ,0.0,18:04:13 pm,1663158853628
3.4691982 ,10.402806 ,5.9041014,23.514730255119503,87.33373143710196 ,5.471999931335449,64.62113299221966 ,0.0,18:04:13 pm,1663158853633
3.3973722 ,10.335769 ,5.6886234,23.514730255119503,87.33373143710196 ,5.471999931335449,64.62113299221966 ,0.0,18:04:13 pm,1663158853637
3.3279405 ,10.362105 ,5.470751,23.514730255119503,87.33373143710196 ,5.471999931335449,64.62113299221966 ,0.0,18:04:13 pm,1663158853644
3.1004913 ,10.316615 ,5.1259856,23.514730255119503,87.33373143710196 ,5.471999931335449,64.62113299221966 ,0.0,18:04:13 pm,1663158853647
2.920926 ,10.242394 ,4.8602295,23.514730255119503,87.33373143710196 ,5.471999931335449,64.62113299221966 ,0.0,18:04:13 pm,1663158853653
2.7269957 ,10.134656 ,4.6112323,23.514730255119503,87.33373143710196 ,5.471999931335449,64.62113299221966 ,0.0,18:04:13 pm,1663158853659
2.4660277 ,9.847352 ,4.55856,23.514730255119503,87.33373143710196 ,5.471999931335449,64.62113299221966 ,0.0,18:04:13 pm,1663158853664
2.2720973 ,9.61272 ,4.5058875,23.514730255119503,87.33373143710196 ,5.471999931335449,64.62113299221966 ,0.0,18:04:13 pm,1663158853669
1.9512744 ,9.203311 ,4.5681367,23.514730255119503,87.33373143710196 ,5.471999931335449,64.62113299221966 ,0.0,18:04:13 pm,1663158853675
1.7381904 ,8.92319 ,4.6950297,23.514730255119503,87.33373143710196 ,5.471999931335449,64.62113299221966 ,0.0,18:04:13 pm,1663158853679
1.5131354 ,8.492233 ,4.996699,23.514730255119503,87.33373143710196 ,5.471999931335449,64.62113299221966 ,0.0,18:04:13 pm,1663158853684
1.316811 ,8.202535 ,5.2409077,23.514730255119503,87.33373143710196 ,5.471999931335449,64.62113299221966 ,0.0,18:04:13 pm,1663158853692
1.0319009 ,7.8984714 ,5.401319,23.514730255119503,87.33373143710196 ,5.471999931335449,64.62113299221966 ,0.0,18:04:13 pm,1663158853694
0.7038953 ,7.587225 ,5.568913,23.514730255119503,87.33373143710196 ,5.471999931335449,64.62113299221966 ,0.0,18:04:13 pm,1663158853698
0.47165772 ,7.3286514 ,5.6982,23.514730255119503,87.33373143710196 ,5.471999931335449,64.62113299221966 ,0.0,18:04:13 pm,1663158853703
0.36870706 ,6.9958572 ,6.0477533,23.514730255119503,87.33373143710196 ,5.471999931335449,64.62113299221966 ,0.0,18:04:13 pm,1663158853710
0.36870706 ,6.6965823 ,6.3230867,23.514730255119503,87.33373143710196 ,5.471999931335449,64.62113299221966 ,0.0,18:04:13 pm,1663158853713
0.37588966 ,6.421249 ,6.6103907,23.514730255119503,87.33373143710196 ,5.471999931335449,64.62113299221966 ,0.0,18:04:13 pm,1663158853718
0.30166942 ,6.1938 ,6.7564373,23.514730255119503,87.33373143710196 ,5.471999931335449,64.62113299221966 ,0.0,18:04:13 pm,1663158853724
0.17956513 ,6.0621185 ,6.7923503,23.514730255119503,87.33373143710196 ,5.471999931335449,64.62113299221966 ,0.0,18:04:13 pm,1663158853729
-0.047884032 ,5.9783216 ,6.861782,23.514730255119503,87.33373143710196 ,5.471999931335449,64.62113299221966 ,0.0,18:04:13 pm,1663158853734
-0.31124622 ,5.827487 ,7.086837,23.514730255119503,87.33373143710196 ,5.471999931335449,64.62113299221966 ,0.0,18:04:13 pm,1663158853741
-0.7302315 ,5.695806 ,7.4148426,23.514730255119503,87.33373143710196 ,5.471999931335449,64.62113299221966 ,0.0,18:04:13 pm,1663158853744
-1.3239936 ,5.559336 ,7.9750857,23.514730255119503,87.33373143710196 ,5.471999931335449,64.62113299221966 ,0.0,18:04:13 pm,1663158853748
-1.7286136 ,5.5162406 ,8.348581,23.514730255119503,87.33373143710196 ,5.471999931335449,64.62113299221966 ,0.0,18:04:13 pm,1663158853754
-2.0614076 ,5.4539914 ,8.626308,23.514730255119503,87.33373143710196 ,5.471999931335449,64.62113299221966 ,0.0,18:04:13 pm,1663158853759
