x,y,z,latitude,longitude,speed,sound,light,time,timestamp
9.428367 ,-4.3502645 ,-0.12210429,23.514739936217666,87.33376186341047 ,3.311999845504761,60.12008279965629 ,0.0,18:04:27 pm,1663158867343
9.390059 ,-4.343082 ,-0.14604631,23.514739936217666,87.33376186341047 ,3.311999845504761,60.12008279965629 ,0.0,18:04:27 pm,1663158867346
9.346964 ,-4.3478703 ,-0.17956513,23.514739936217666,87.33376186341047 ,3.311999845504761,60.12008279965629 ,0.0,18:04:27 pm,1663158867351
9.31105 ,-4.3287168 ,-0.18674773,23.514739936217666,87.33376186341047 ,3.311999845504761,60.12008279965629 ,0.0,18:04:27 pm,1663158867358
9.255983 ,-4.3023806 ,-0.20350714,23.514739936217666,87.33376186341047 ,3.311999845504761,60.12008279965629 ,0.0,18:04:27 pm,1663158867362
9.186552 ,-4.2880154 ,-0.19153613,23.514739936217666,87.33376186341047 ,3.311999845504761,60.12008279965629 ,0.0,18:04:27 pm,1663158867367
9.11712 ,-4.27365 ,-0.11492168,23.514739936217666,87.33376186341047 ,3.311999845504761,60.12008279965629 ,0.0,18:04:27 pm,1663158867373
9.059659 ,-4.237737 ,-0.05267244,23.514739936217666,87.33376186341047 ,3.311999845504761,60.12008279965629 ,0.0,18:04:27 pm,1663158867377
9.004593 ,-4.249708 ,-0.011971008,23.514739936217666,87.33376186341047 ,3.311999845504761,60.12008279965629 ,0.0,18:04:27 pm,1663158867381
8.9519205 ,-4.27365 ,0.016759412,23.514739936217666,87.33376186341047 ,3.311999845504761,60.12008279965629 ,0.0,18:04:27 pm,1663158867390
8.882488 ,-4.271256 ,0.007182605,23.514739936217666,87.33376186341047 ,3.311999845504761,60.12008279965629 ,0.0,18:04:27 pm,1663158867393
8.834604 ,-4.3023806 ,-0.009576807,23.514739936217666,87.33376186341047 ,3.311999845504761,60.12008279965629 ,0.0,18:04:27 pm,1663158867397
8.772355 ,-4.331111 ,0.0,23.514739936217666,87.33376186341047 ,3.311999845504761,60.12008279965629 ,0.0,18:04:27 pm,1663158867402
8.7125 ,-4.3526587 ,-0.038307227,23.514739936217666,87.33376186341047 ,3.311999845504761,60.12008279965629 ,0.0,18:04:27 pm,1663158867408
8.664616 ,-4.378995 ,-0.07182605,23.514739936217666,87.33376186341047 ,3.311999845504761,60.12008279965629 ,0.0,18:04:27 pm,1663158867412
8.643068 ,-4.4101195 ,-0.08379706,23.514739936217666,87.33376186341047 ,3.311999845504761,60.12008279965629 ,0.0,18:04:27 pm,1663158867417
8.623915 ,-4.477157 ,-0.11492168,23.514739936217666,87.33376186341047 ,3.311999845504761,60.12008279965629 ,0.0,18:04:27 pm,1663158867423
8.62152 ,-4.5034933 ,-0.1388637,23.514739936217666,87.33376186341047 ,3.311999845504761,60.12008279965629 ,0.0,18:04:27 pm,1663158867427
8.564059 ,-4.5322237 ,-0.20111294,23.514739936217666,87.33376186341047 ,3.311999845504761,60.12008279965629 ,0.0,18:04:27 pm,1663158867432
8.552089 ,-4.537012 ,-0.2705448,23.514739936217666,87.33376186341047 ,3.311999845504761,60.12008279965629 ,0.0,18:04:27 pm,1663158867440
8.532935 ,-4.618415 ,-0.32800564,23.514739936217666,87.33376186341047 ,3.311999845504761,60.12008279965629 ,0.0,18:04:27 pm,1663158867443
8.523358 ,-4.7046065 ,-0.40701428,23.514739936217666,87.33376186341047 ,3.311999845504761,60.12008279965629 ,0.0,18:04:27 pm,1663158867447
8.599973 ,-4.7285485 ,-0.46208093,23.514739936217666,87.33376186341047 ,3.311999845504761,60.12008279965629 ,0.0,18:04:27 pm,1663158867452
8.6813755 ,-4.733337 ,-0.521936,23.514739936217666,87.33376186341047 ,3.311999845504761,60.12008279965629 ,0.0,18:04:27 pm,1663158867458
8.738836 ,-4.721366 ,-0.5291186,23.514739936217666,87.33376186341047 ,3.311999845504761,60.12008279965629 ,0.0,18:04:27 pm,1663158867462
8.738836 ,-4.6950297 ,-0.56982,23.514739936217666,87.33376186341047 ,3.311999845504761,60.12008279965629 ,0.0,18:04:27 pm,1663158867467
8.690952 ,-4.6830587 ,-0.5315128,23.514739936217666,87.33376186341047 ,3.311999845504761,60.12008279965629 ,0.0,18:04:27 pm,1663158867473
8.628703 ,-4.6830587 ,-0.545878,23.514739936217666,87.33376186341047 ,3.311999845504761,60.12008279965629 ,0.0,18:04:27 pm,1663158867478
8.556877 ,-4.7070007 ,-0.533907,23.514739936217666,87.33376186341047 ,3.311999845504761,60.12008279965629 ,0.0,18:04:27 pm,1663158867482
8.497022 ,-4.72376 ,-0.50757074,23.514739936217666,87.33376186341047 ,3.311999845504761,60.78996386353004 ,0.0,18:04:27 pm,1663158867490
8.477868 ,-4.735731 ,-0.50517654,23.514739936217666,87.33376186341047 ,3.311999845504761,60.78996386353004 ,0.0,18:04:27 pm,1663158867493
8.365341 ,-4.757279 ,-0.5267244,23.514739936217666,87.33376186341047 ,3.311999845504761,60.78996386353004 ,0.0,18:04:27 pm,1663158867497
8.312668 ,-4.795586 ,-0.48123455,23.514739936217666,87.33376186341047 ,3.311999845504761,60.78996386353004 ,0.0,18:04:27 pm,1663158867502
8.26239 ,-4.8386817 ,-0.40940848,23.514739936217666,87.33376186341047 ,3.311999845504761,60.78996386353004 ,0.0,18:04:27 pm,1663158867508
8.219295 ,-4.831499 ,-0.37349546,23.514739936217666,87.33376186341047 ,3.311999845504761,60.78996386353004 ,0.0,18:04:27 pm,1663158867512
8.214506 ,-4.831499 ,-0.33997664,23.514739936217666,87.33376186341047 ,3.311999845504761,60.78996386353004 ,0.0,18:04:27 pm,1663158867517
8.23366 ,-4.819528 ,-0.33039984,23.514739936217666,87.33376186341047 ,3.311999845504761,60.78996386353004 ,0.0,18:04:27 pm,1663158867524
8.255207 ,-4.8219223 ,-0.29927522,23.514739936217666,87.33376186341047 ,3.311999845504761,60.78996386353004 ,0.0,18:04:27 pm,1663158867528
8.274361 ,-4.8386817 ,-0.272939,23.514739936217666,87.33376186341047 ,3.311999845504761,60.78996386353004 ,0.0,18:04:27 pm,1663158867532
8.307879 ,-4.8602295 ,-0.29448682,23.514739936217666,87.33376186341047 ,3.311999845504761,60.78996386353004 ,0.0,18:04:27 pm,1663158867540
8.350976 ,-4.8698063 ,-0.33518824,23.514739936217666,87.33376186341047 ,3.311999845504761,60.78996386353004 ,0.0,18:04:27 pm,1663158867543
8.372523 ,-4.876989 ,-0.3878607,23.514739936217666,87.33376186341047 ,3.311999845504761,60.78996386353004 ,0.0,18:04:27 pm,1663158867548
8.39886 ,-4.876989 ,-0.4429273,23.514739936217666,87.33376186341047 ,3.311999845504761,60.78996386353004 ,0.0,18:04:27 pm,1663158867553
8.413225 ,-4.865018 ,-0.51475334,23.514739936217666,87.33376186341047 ,3.311999845504761,60.78996386353004 ,0.0,18:04:27 pm,1663158867559
8.446744 ,-4.876989 ,-0.5410896,23.514739936217666,87.33376186341047 ,3.311999845504761,60.78996386353004 ,0.0,18:04:27 pm,1663158867563
8.528147 ,-4.8865657 ,-0.59615624,23.514739936217666,87.33376186341047 ,3.311999845504761,60.78996386353004 ,0.0,18:04:27 pm,1663158867567
8.580819 ,-4.8841715 ,-0.62009823,23.514739936217666,87.33376186341047 ,3.311999845504761,60.78996386353004 ,0.0,18:04:27 pm,1663158867574
8.626308 ,-4.853047 ,-0.6560113,23.514739936217666,87.33376186341047 ,3.311999845504761,60.78996386353004 ,0.0,18:04:27 pm,1663158867578
8.619126 ,-4.819528 ,-0.7302315,23.514739936217666,87.33376186341047 ,3.311999845504761,60.78996386353004 ,0.0,18:04:27 pm,1663158867583
8.626308 ,-4.819528 ,-0.770933,23.514739936217666,87.33376186341047 ,3.311999845504761,60.78996386353004 ,0.0,18:04:27 pm,1663158867590
8.631097 ,-4.8362875 ,-0.79966336,23.514739936217666,87.33376186341047 ,3.311999845504761,60.78996386353004 ,0.0,18:04:27 pm,1663158867593
8.616732 ,-4.841076 ,-0.8619126,23.514739936217666,87.33376186341047 ,3.311999845504761,60.78996386353004 ,0.0,18:04:27 pm,1663158867598
8.616732 ,-4.8458643 ,-0.89782566,23.514739936217666,87.33376186341047 ,3.311999845504761,60.78996386353004 ,0.0,18:04:27 pm,1663158867603
8.578424 ,-4.8027687 ,-0.93373865,23.514739936217666,87.33376186341047 ,3.311999845504761,60.78996386353004 ,0.0,18:04:27 pm,1663158867609
8.556877 ,-4.781221 ,-0.9576807,23.514739936217666,87.33376186341047 ,3.311999845504761,60.78996386353004 ,0.0,18:04:27 pm,1663158867613
8.516175 ,-4.745308 ,-0.9840169,23.514739936217666,87.33376186341047 ,3.311999845504761,60.78996386353004 ,0.0,18:04:27 pm,1663158867618
8.506598 ,-4.7046065 ,-1.0390835,23.514739936217666,87.33376186341047 ,3.311999845504761,60.78996386353004 ,0.0,18:04:27 pm,1663158867624
8.535329 ,-4.711789 ,-1.043872,23.514739936217666,87.33376186341047 ,3.311999845504761,60.78996386353004 ,0.0,18:04:27 pm,1663158867629
8.6574335 ,-4.654328 ,-1.055843,23.514739936217666,87.33376186341047 ,3.311999845504761,60.78996386353004 ,0.0,18:04:27 pm,1663158867633
8.695741 ,-4.606444 ,-1.0654198,23.514739936217666,87.33376186341047 ,3.311999845504761,60.78996386353004 ,0.0,18:04:27 pm,1663158867640
8.7125 ,-4.560954 ,-1.0941502,23.514739936217666,87.33376186341047 ,3.311999845504761,60.78996386353004 ,0.0,18:04:27 pm,1663158867644
8.722076 ,-4.4699745 ,-1.103727,23.514739936217666,87.33376186341047 ,3.311999845504761,60.78996386353004 ,0.0,18:04:27 pm,1663158867648
8.731653 ,-4.4484267 ,-1.1085154,23.514739936217666,87.33376186341047 ,3.311999845504761,60.78996386353004 ,0.0,18:04:27 pm,1663158867654
8.829816 ,-4.417302 ,-1.1324574,23.514739936217666,87.33376186341047 ,3.311999845504761,60.78996386353004 ,0.0,18:04:27 pm,1663158867659
8.918402 ,-4.4101195 ,-1.1372458,23.514739936217666,87.33376186341047 ,3.311999845504761,60.78996386353004 ,0.0,18:04:27 pm,1663158867663
8.968679 ,-4.465186 ,-1.1731589,23.514739936217666,87.33376186341047 ,3.311999845504761,60.78996386353004 ,0.0,18:04:27 pm,1663158867668
8.9519205 ,-4.5178585 ,-1.2114661,23.514739936217666,87.33376186341047 ,3.311999845504761,60.78996386353004 ,0.0,18:04:27 pm,1663158867675
8.930372 ,-4.5777135 ,-1.2617443,23.514739936217666,87.33376186341047 ,3.311999845504761,60.78996386353004 ,0.0,18:04:27 pm,1663158867678
8.92319 ,-4.6136265 ,-1.4293385,23.514739936217666,87.33376186341047 ,3.311999845504761,60.78996386353004 ,0.0,18:04:27 pm,1663158867683
8.9519205 ,-4.608838 ,-1.520318,23.514739936217666,87.33376186341047 ,3.311999845504761,60.78996386353004 ,0.0,18:04:27 pm,1663158867690
9.0237465 ,-4.642357 ,-1.6472107,23.514739936217666,87.33376186341047 ,3.311999845504761,60.78996386353004 ,0.0,18:04:27 pm,1663158867694
9.0716305 ,-4.7070007 ,-1.697489,23.514739936217666,87.33376186341047 ,3.311999845504761,60.78996386353004 ,0.0,18:04:27 pm,1663158867698
9.109938 ,-4.7644615 ,-1.7357962,23.514739936217666,87.33376186341047 ,3.311999845504761,60.78996386353004 ,0.0,18:04:27 pm,1663158867707
9.083601 ,-4.8482585 ,-1.8076223,23.514739936217666,87.33376186341047 ,3.311999845504761,60.78996386353004 ,0.0,18:04:27 pm,1663158867709
9.033323 ,-4.891354 ,-1.8890251,23.514739936217666,87.33376186341047 ,3.311999845504761,60.78996386353004 ,0.0,18:04:27 pm,1663158867713
8.918402 ,-4.9296613 ,-1.9895816,23.514739936217666,87.33376186341047 ,3.311999845504761,60.78996386353004 ,0.0,18:04:27 pm,1663158867719
8.848969 ,-4.9440265 ,-2.0254946,23.514739936217666,87.33376186341047 ,3.311999845504761,60.78996386353004 ,0.0,18:04:27 pm,1663158867725
8.779537 ,-4.96318 ,-2.0254946,23.514739936217666,87.33376186341047 ,3.311999845504761,60.78996386353004 ,0.0,18:04:27 pm,1663158867729
8.669404 ,-4.951209 ,-1.9416976,23.514739936217666,87.33376186341047 ,3.311999845504761,60.78996386353004 ,0.0,18:04:27 pm,1663158867734
8.532935 ,-4.912902 ,-1.8124107,23.514739936217666,87.33376186341047 ,3.311999845504761,60.78996386353004 ,0.0,18:04:27 pm,1663158867740
8.317456 ,-4.8219223 ,-1.6496049,23.514739936217666,87.33376186341047 ,3.311999845504761,60.78996386353004 ,0.0,18:04:27 pm,1663158867744
8.161834 ,-4.733337 ,-1.5298948,23.514739936217666,87.33376186341047 ,3.311999845504761,60.78996386353004 ,0.0,18:04:27 pm,1663158867749
8.049306 ,-4.6686935 ,-1.3263878,23.514739936217666,87.33376186341047 ,3.311999845504761,60.78996386353004 ,0.0,18:04:27 pm,1663158867757
7.8888946 ,-4.5513773 ,-1.1204864,23.514739936217666,87.33376186341047 ,3.311999845504761,60.78996386353004 ,0.0,18:04:27 pm,1663158867760
7.800309 ,-4.537012 ,-0.9888053,23.514739936217666,87.33376186341047 ,3.311999845504761,60.78996386353004 ,0.0,18:04:27 pm,1663158867764
7.8290396 ,-4.5154643 ,-0.878672,23.514739936217666,87.33376186341047 ,3.311999845504761,60.78996386353004 ,0.0,18:04:27 pm,1663158867769
7.9391727 ,-4.5274353 ,-0.8379706,23.514739936217666,87.33376186341047 ,3.311999845504761,60.78996386353004 ,0.0,18:04:27 pm,1663158867777
8.123527 ,-4.55856 ,-0.8643068,23.514739936217666,87.33376186341047 ,3.311999845504761,60.78996386353004 ,0.0,18:04:27 pm,1663158867779
8.465898 ,-4.654328 ,-0.89543146,23.514739936217666,87.33376186341047 ,3.311999845504761,60.78996386353004 ,0.0,18:04:27 pm,1663158867784
8.808268 ,-4.7524905 ,-0.9648633,23.514739936217666,87.33376186341047 ,3.311999845504761,60.78996386353004 ,0.0,18:04:27 pm,1663158867791
9.222465 ,-4.9200845 ,-1.0223241,23.514739936217666,87.33376186341047 ,3.311999845504761,60.78996386353004 ,0.0,18:04:27 pm,1663158867794
9.459491 ,-5.094861 ,-1.1204864,23.514739936217666,87.33376186341047 ,3.311999845504761,60.78996386353004 ,0.0,18:04:27 pm,1663158867799
9.603143 ,-5.2121773 ,-1.1707647,23.514739936217666,87.33376186341047 ,3.311999845504761,60.78996386353004 ,0.0,18:04:27 pm,1663158867808
9.639056 ,-5.2361193 ,-1.2186487,23.514739936217666,87.33376186341047 ,3.311999845504761,60.78996386353004 ,0.0,18:04:27 pm,1663158867811
9.564836 ,-5.2049947 ,-1.1324574,23.514739936217666,87.33376186341047 ,3.311999845504761,60.78996386353004 ,0.0,18:04:27 pm,1663158867814
9.346964 ,-5.0757074 ,-1.1204864,23.514739936217666,87.33376186341047 ,3.311999845504761,60.78996386353004 ,0.0,18:04:27 pm,1663158867819
9.11712 ,-4.9105077 ,-1.0486604,23.514739936217666,87.33376186341047 ,3.311999845504761,60.78996386353004 ,0.0,18:04:27 pm,1663158867826
8.8777 ,-4.6926355 ,-0.91697925,23.514739936217666,87.33376186341047 ,3.311999845504761,60.78996386353004 ,0.0,18:04:27 pm,1663158867830
8.528147 ,-4.3766007 ,-0.8331822,23.514739936217666,87.33376186341047 ,3.311999845504761,60.78996386353004 ,0.0,18:04:27 pm,1663158867835
8.171411 ,-4.1419687 ,-0.7158663,23.514739936217666,87.33376186341047 ,3.311999845504761,60.78996386353004 ,0.0,18:04:27 pm,1663158867840
