x,y,z,latitude,longitude,speed,sound,light,time,timestamp
0.18914193 ,5.2959743 ,6.5146227,23.514853762462735,87.3338367138058 ,22.3560001373291,74.40788088033241 ,0.0,18:04:08 pm,1663158848736
0.06464344 ,5.267244 ,6.220136,23.514853762462735,87.3338367138058 ,22.3560001373291,74.40788088033241 ,0.0,18:04:08 pm,1663158848740
0.04070143 ,5.2744265 ,6.007052,23.514853762462735,87.3338367138058 ,22.3560001373291,74.40788088033241 ,0.0,18:04:08 pm,1663158848745
-0.01436521 ,5.2648497 ,5.767632,23.514853762462735,87.3338367138058 ,22.3560001373291,74.40788088033241 ,0.0,18:04:08 pm,1663158848753
-0.021547815 ,5.2289367 ,5.619191,23.514853762462735,87.3338367138058 ,22.3560001373291,74.40788088033241 ,0.0,18:04:08 pm,1663158848756
0.1388637 ,5.2121773 ,5.523423,23.514853762462735,87.3338367138058 ,22.3560001373291,74.40788088033241 ,0.0,18:04:08 pm,1663158848760
0.51475334 ,5.221754 ,5.377377,23.514853762462735,87.3338367138058 ,22.3560001373291,74.40788088033241 ,0.0,18:04:08 pm,1663158848765
0.8403648 ,5.2409077 ,5.2600613,23.514853762462735,87.3338367138058 ,22.3560001373291,60.19086092573979 ,0.0,18:04:08 pm,1663158848771
1.103727 ,5.209783 ,5.1882353,23.514853762462735,87.3338367138058 ,22.3560001373291,60.19086092573979 ,0.0,18:04:08 pm,1663158848775
1.3455414 ,5.1906295 ,5.2265425,23.514853762462735,87.3338367138058 ,22.3560001373291,60.19086092573979 ,0.0,18:04:08 pm,1663158848780
1.5897499 ,5.2361193 ,5.2624555,23.514853762462735,87.3338367138058 ,22.3560001373291,60.19086092573979 ,0.0,18:04:08 pm,1663158848787
1.9847932 ,5.3821654 ,5.3701944,23.514853762462735,87.3338367138058 ,22.3560001373291,60.19086092573979 ,0.0,18:04:08 pm,1663158848791
2.3415294 ,5.4683566 ,5.556942,23.514853762462735,87.3338367138058 ,22.3560001373291,60.19086092573979 ,0.0,18:04:08 pm,1663158848795
2.6910827 ,5.473145 ,6.007052,23.514853762462735,87.3338367138058 ,22.3560001373291,60.19086092573979 ,0.0,18:04:08 pm,1663158848804
2.8395233 ,5.439626 ,6.5241995,23.514853762462735,87.3338367138058 ,22.3560001373291,60.19086092573979 ,0.0,18:04:08 pm,1663158848806
2.8107927 ,5.3845596 ,7.079654,23.514853762462735,87.3338367138058 ,22.3560001373291,60.19086092573979 ,0.0,18:04:08 pm,1663158848811
2.5929205 ,5.2528787 ,7.687782,23.514853762462735,87.3338367138058 ,22.3560001373291,60.19086092573979 ,0.0,18:04:08 pm,1663158848815
2.2864625 ,5.130774 ,8.078036,23.514853762462735,87.3338367138058 ,22.3560001373291,60.19086092573979 ,0.0,18:04:08 pm,1663158848822
1.9297266 ,4.96318 ,8.446744,23.514853762462735,87.3338367138058 ,22.3560001373291,60.19086092573979 ,0.0,18:04:08 pm,1663158848826
1.6543933 ,4.817134 ,8.671799,23.514853762462735,87.3338367138058 ,22.3560001373291,60.19086092573979 ,0.0,18:04:08 pm,1663158848830
1.448492 ,4.7022123 ,8.829816,23.514853762462735,87.3338367138058 ,22.3560001373291,60.19086092573979 ,0.0,18:04:08 pm,1663158848836
1.2114661 ,4.6160207 ,8.9519205,23.514853762462735,87.3338367138058 ,22.3560001373291,60.19086092573979 ,0.0,18:04:08 pm,1663158848841
0.9840169 ,4.6016555 ,8.896853,23.514853762462735,87.3338367138058 ,22.3560001373291,60.19086092573979 ,0.0,18:04:08 pm,1663158848845
0.7565677 ,4.5992613 ,8.643068,23.514853762462735,87.3338367138058 ,22.3560001373291,60.19086092573979 ,0.0,18:04:08 pm,1663158848853
0.6775591 ,4.572925 ,8.343793,23.514853762462735,87.3338367138058 ,22.3560001373291,60.19086092573979 ,0.0,18:04:08 pm,1663158848856
0.6919243 ,4.5753193 ,8.00621,23.514853762462735,87.3338367138058 ,22.3560001373291,60.19086092573979 ,0.0,18:04:08 pm,1663158848860
0.78529817 ,4.6232033 ,7.5848308,23.514853762462735,87.3338367138058 ,22.3560001373291,60.19086092573979 ,0.0,18:04:08 pm,1663158848866
0.866701 ,4.661511 ,7.3669586,23.514853762462735,87.3338367138058 ,22.3560001373291,60.19086092573979 ,0.0,18:04:08 pm,1663158848872
1.0055647 ,4.7309427 ,7.2544312,23.514853762462735,87.3338367138058 ,22.3560001373291,60.19086092573979 ,0.0,18:04:08 pm,1663158848877
1.151611 ,4.759673 ,7.261614,23.514853762462735,87.3338367138058 ,22.3560001373291,60.19086092573979 ,0.0,18:04:08 pm,1663158848886
1.3958195 ,4.7740383 ,7.465121,23.514853762462735,87.3338367138058 ,22.3560001373291,60.19086092573979 ,0.0,18:04:08 pm,1663158848889
1.8291701 ,4.8147397 ,7.819463,23.514853762462735,87.3338367138058 ,22.3560001373291,60.19086092573979 ,0.0,18:04:08 pm,1663158848891
2.231396 ,4.8722005 ,8.178593,23.514853762462735,87.3338367138058 ,22.3560001373291,60.19086092573979 ,0.0,18:04:08 pm,1663158848895
2.7509377 ,5.0062757 ,8.6813755,23.514853762462735,87.3338367138058 ,22.3560001373291,60.19086092573979 ,0.0,18:04:08 pm,1663158848903
3.1723173 ,5.1355624 ,9.0476885,23.514819396659732,87.3338015936315 ,14.579998970031738,60.19086092573979 ,0.0,18:04:08 pm,1663158848906
3.5410242 ,5.2265425 ,9.313444,23.514819396659732,87.3338015936315 ,14.579998970031738,60.19086092573979 ,0.0,18:04:08 pm,1663158848911
3.9145198 ,5.427655 ,9.512163,23.514819396659732,87.3338015936315 ,14.579998970031738,60.19086092573979 ,0.0,18:04:08 pm,1663158848916
4.134786 ,5.616797 ,9.378088,23.514819396659732,87.3338015936315 ,14.579998970031738,60.19086092573979 ,0.0,18:04:08 pm,1663158848922
4.27365 ,5.777209 ,8.932767,23.514819396659732,87.3338015936315 ,14.579998970031738,60.19086092573979 ,0.0,18:04:08 pm,1663158848927
4.3143516 ,5.889736 ,8.616732,23.514819396659732,87.3338015936315 ,14.579998970031738,60.19086092573979 ,0.0,18:04:08 pm,1663158848931
4.261679 ,5.932832 ,8.324639,23.514819396659732,87.3338015936315 ,14.579998970031738,60.19086092573979 ,0.0,18:04:08 pm,1663158848937
4.0773253 ,5.98311 ,8.00621,23.514819396659732,87.3338015936315 ,14.579998970031738,60.19086092573979 ,0.0,18:04:08 pm,1663158848941
3.8786068 ,6.0022635 ,7.7572136,23.514819396659732,87.3338015936315 ,14.579998970031738,60.19086092573979 ,0.0,18:04:08 pm,1663158848947
3.6056678 ,5.9687448 ,7.513005,23.514819396659732,87.3338015936315 ,14.579998970031738,60.19086092573979 ,0.0,18:04:08 pm,1663158848953
3.4093432 ,5.9184666 ,7.536947,23.514819396659732,87.3338015936315 ,14.579998970031738,60.19086092573979 ,0.0,18:04:08 pm,1663158848956
3.311181 ,5.901707 ,7.7332716,23.514819396659732,87.3338015936315 ,14.579998970031738,60.19086092573979 ,0.0,18:04:08 pm,1663158848961
3.2704794 ,5.90889 ,8.130709,23.514819396659732,87.3338015936315 ,14.579998970031738,60.19086092573979 ,0.0,18:04:08 pm,1663158848967
3.3375173 ,5.9543796 ,8.51857,23.514819396659732,87.3338015936315 ,14.579998970031738,60.19086092573979 ,0.0,18:04:08 pm,1663158848974
3.5122938 ,5.9783216 ,8.954314,23.514819396659732,87.3338015936315 ,14.579998970031738,60.19086092573979 ,0.0,18:04:08 pm,1663158848977
3.643975 ,5.9902925 ,9.296685,23.514819396659732,87.3338015936315 ,14.579998970031738,60.19086092573979 ,0.0,18:04:08 pm,1663158848981
3.787627 ,5.9543796 ,9.674969,23.514819396659732,87.3338015936315 ,14.579998970031738,60.19086092573979 ,0.0,18:04:08 pm,1663158848987
3.9360676 ,5.9400144 ,9.981427,23.514819396659732,87.3338015936315 ,14.579998970031738,60.19086092573979 ,0.0,18:04:08 pm,1663158848991
4.0198646 ,5.90889 ,10.232818,23.514819396659732,87.3338015936315 ,14.579998970031738,60.19086092573979 ,0.0,18:04:08 pm,1663158848996
4.1371803 ,5.8825536 ,10.477027,23.514819396659732,87.3338015936315 ,14.579998970031738,60.19086092573979 ,0.0,18:04:09 pm,1663158849003
4.2066126 ,5.8586116 ,10.54167,23.514819396659732,87.3338015936315 ,14.579998970031738,60.19086092573979 ,0.0,18:04:09 pm,1663158849007
4.283227 ,5.8442464 ,10.503363,23.514819396659732,87.3338015936315 ,14.579998970031738,60.19086092573979 ,0.0,18:04:09 pm,1663158849011
4.309563 ,5.841852 ,10.398018,23.514819396659732,87.3338015936315 ,14.579998970031738,60.19086092573979 ,0.0,18:04:09 pm,1663158849020
4.31914 ,5.829881 ,10.199299,23.514819396659732,87.3338015936315 ,14.579998970031738,60.19086092573979 ,0.0,18:04:09 pm,1663158849022
4.2880154 ,5.7867856 ,9.825804,23.514819396659732,87.3338015936315 ,14.579998970031738,60.19086092573979 ,0.0,18:04:09 pm,1663158849027
4.1611223 ,5.7269306 ,9.414001,23.514819396659732,87.3338015936315 ,14.579998970031738,60.19086092573979 ,0.0,18:04:09 pm,1663158849031
3.9360676 ,5.6407394 ,8.750807,23.514819396659732,87.3338015936315 ,14.579998970031738,60.19086092573979 ,0.0,18:04:09 pm,1663158849038
3.6942532 ,5.544971 ,8.178593,23.514819396659732,87.3338015936315 ,14.579998970031738,60.19086092573979 ,0.0,18:04:09 pm,1663158849041
3.4117374 ,5.461174 ,7.639898,23.514819396659732,87.3338015936315 ,14.579998970031738,60.19086092573979 ,0.0,18:04:09 pm,1663158849047
3.074155 ,5.374983 ,7.1131735,23.514819396659732,87.3338015936315 ,14.579998970031738,60.19086092573979 ,0.0,18:04:09 pm,1663158849053
2.9041667 ,5.341464 ,6.8665705,23.514819396659732,87.3338015936315 ,14.579998970031738,60.19086092573979 ,0.0,18:04:09 pm,1663158849058
2.7485435 ,5.3079453 ,6.7324953,23.514819396659732,87.3338015936315 ,14.579998970031738,60.19086092573979 ,0.0,18:04:09 pm,1663158849062
2.669535 ,5.269638 ,6.7588315,23.514819396659732,87.3338015936315 ,14.579998970031738,60.19086092573979 ,0.0,18:04:09 pm,1663158849070
2.5761611 ,5.2480903 ,6.835446,23.514819396659732,87.3338015936315 ,14.579998970031738,60.19086092573979 ,0.0,18:04:09 pm,1663158849073
2.4301147 ,5.197812 ,6.981492,23.514819396659732,87.3338015936315 ,14.579998970031738,60.19086092573979 ,0.0,18:04:09 pm,1663158849077
2.3678656 ,5.1762643 ,7.0724716,23.514819396659732,87.3338015936315 ,14.579998970031738,60.19086092573979 ,0.0,18:04:09 pm,1663158849082
2.3295584 ,5.116409 ,7.1993647,23.514819396659732,87.3338015936315 ,14.579998970031738,60.19086092573979 ,0.0,18:04:09 pm,1663158849088
2.3127987 ,5.0900726 ,7.314286,23.514819396659732,87.3338015936315 ,14.579998970031738,60.19086092573979 ,0.0,18:04:09 pm,1663158849092
2.3008277 ,5.056554 ,7.48188,23.514819396659732,87.3338015936315 ,14.579998970031738,60.19086092573979 ,0.0,18:04:09 pm,1663158849097
2.2960393 ,5.035006 ,7.7189064,23.514819396659732,87.3338015936315 ,14.579998970031738,60.19086092573979 ,0.0,18:04:09 pm,1663158849104
2.3535004 ,5.0374002 ,7.896077,23.514819396659732,87.3338015936315 ,14.579998970031738,60.19086092573979 ,0.0,18:04:09 pm,1663158849107
2.4349031 ,5.023035 ,8.078036,23.514819396659732,87.3338015936315 ,14.579998970031738,60.19086092573979 ,0.0,18:04:09 pm,1663158849113
2.4827871 ,5.0302176 ,8.176199,23.514819396659732,87.3338015936315 ,14.579998970031738,60.19086092573979 ,0.0,18:04:09 pm,1663158849120
2.5833437 ,5.0278234 ,8.238448,23.514819396659732,87.3338015936315 ,14.579998970031738,60.19086092573979 ,0.0,18:04:09 pm,1663158849123
2.681506 ,5.0254292 ,8.288726,23.514819396659732,87.3338015936315 ,14.579998970031738,60.19086092573979 ,0.0,18:04:09 pm,1663158849127
2.765303 ,5.0302176 ,8.276755,23.514819396659732,87.3338015936315 ,14.579998970031738,60.19086092573979 ,0.0,18:04:09 pm,1663158849132
2.882619 ,5.080496 ,8.240842,23.514819396659732,87.3338015936315 ,14.579998970031738,60.19086092573979 ,0.0,18:04:09 pm,1663158849138
3.052607 ,5.0996494 ,8.180987,23.514819396659732,87.3338015936315 ,14.579998970031738,60.19086092573979 ,0.0,18:04:09 pm,1663158849142
3.3542767 ,5.1571107 ,8.066066,23.514819396659732,87.3338015936315 ,14.579998970031738,60.19086092573979 ,0.0,18:04:09 pm,1663158849147
3.691859 ,5.2720323 ,7.941567,23.514819396659732,87.3338015936315 ,14.579998970031738,60.19086092573979 ,0.0,18:04:09 pm,1663158849153
3.7852328 ,5.4180784 ,7.819463,23.514819396659732,87.3338015936315 ,14.579998970031738,60.19086092573979 ,0.0,18:04:09 pm,1663158849157
3.6272156 ,5.583278 ,7.7093296,23.514819396659732,87.3338015936315 ,14.579998970031738,60.19086092573979 ,0.0,18:04:09 pm,1663158849162
3.3566709 ,5.6790466 ,7.608773,23.514819396659732,87.3338015936315 ,14.579998970031738,60.19086092573979 ,0.0,18:04:09 pm,1663158849170
3.0358477 ,5.7484784 ,7.326257,23.514819396659732,87.3338015936315 ,14.579998970031738,60.19086092573979 ,0.0,18:04:09 pm,1663158849173
2.5929205 ,5.770026 ,7.026982,23.514819396659732,87.3338015936315 ,14.579998970031738,60.19086092573979 ,0.0,18:04:09 pm,1663158849177
2.2481554 ,5.7724204 ,6.670246,23.514819396659732,87.3338015936315 ,14.579998970031738,60.19086092573979 ,0.0,18:04:09 pm,1663158849183
1.8171991 ,5.734113 ,6.2512608,23.514819396659732,87.3338015936315 ,14.579998970031738,60.19086092573979 ,0.0,18:04:09 pm,1663158849189
1.5227122 ,5.7149596 ,5.961562,23.514819396659732,87.3338015936315 ,14.579998970031738,60.19086092573979 ,0.0,18:04:09 pm,1663158849193
1.2306197 ,5.722142 ,5.7843914,23.514819396659732,87.3338015936315 ,14.579998970031738,60.19086092573979 ,0.0,18:04:09 pm,1663158849197
0.9528923 ,5.734113 ,5.717354,23.514819396659732,87.3338015936315 ,14.579998970031738,60.19086092573979 ,0.0,18:04:09 pm,1663158849204
0.79008657 ,5.78918 ,5.7724204,23.514819396659732,87.3338015936315 ,14.579998970031738,60.19086092573979 ,0.0,18:04:09 pm,1663158849208
0.5770026 ,5.8083334 ,5.947197,23.514819396659732,87.3338015936315 ,14.579998970031738,60.19086092573979 ,0.0,18:04:09 pm,1663158849213
0.4381389 ,5.839458 ,6.1243677,23.514819396659732,87.3338015936315 ,14.579998970031738,60.19086092573979 ,0.0,18:04:09 pm,1663158849221
0.36870706 ,5.899313 ,6.3422403,23.514819396659732,87.3338015936315 ,14.579998970031738,60.19086092573979 ,0.0,18:04:09 pm,1663158849223
0.4165911 ,5.93762 ,6.459556,23.514819396659732,87.3338015936315 ,14.579998970031738,60.19086092573979 ,0.0,18:04:09 pm,1663158849228
0.5746084 ,5.973533 ,6.567295,23.514819396659732,87.3338015936315 ,14.579998970031738,60.19086092573979 ,0.0,18:04:09 pm,1663158849233
