x,y,z,latitude,longitude,speed,sound,light,time,timestamp
0.033518825 ,-0.81881696 ,12.389994,23.533945265226066,87.33009980991483 ,46.835997390747075,88.51790021902153 ,0.0,18:07:54 pm,1663677474739
-0.38307226 ,-1.0821792 ,13.55597,23.533945265226066,87.33009980991483 ,46.835997390747075,88.51790021902153 ,0.0,18:07:54 pm,1663677474743
-0.91937345 ,-1.2066777 ,14.863204,23.533945265226066,87.33009980991483 ,46.835997390747075,88.51790021902153 ,0.0,18:07:54 pm,1663677474748
-1.4413095 ,-1.2856863 ,15.6078005,23.533945265226066,87.33009980991483 ,46.835997390747075,88.51790021902153 ,0.0,18:07:54 pm,1663677474756
-1.6112977 ,-1.3263878 ,15.701175,23.533945265226066,87.33009980991483 ,46.835997390747075,88.51790021902153 ,0.0,18:07:54 pm,1663677474758
-1.5753847 ,-1.2425907 ,15.270219,23.533945265226066,87.33009980991483 ,46.835997390747075,80.7086167946363 ,0.0,18:07:54 pm,1663677474763
-1.4173675 ,-1.067814 ,14.638149,23.533945265226066,87.33009980991483 ,46.835997390747075,80.7086167946363 ,0.0,18:07:54 pm,1663677474768
-0.81881696 ,-0.6895301 ,13.606248,23.533945265226066,87.33009980991483 ,46.835997390747075,80.7086167946363 ,0.0,18:07:54 pm,1663677474774
0.0047884034 ,-0.34237084 ,12.605472,23.533945265226066,87.33009980991483 ,46.835997390747075,80.7086167946363 ,0.0,18:07:54 pm,1663677474778
0.6703765 ,0.02633622 ,11.757924,23.533945265226066,87.33009980991483 ,46.835997390747075,80.7086167946363 ,0.0,18:07:54 pm,1663677474783
1.3000516 ,0.34715924 ,11.475409,23.533945265226066,87.33009980991483 ,46.835997390747075,80.7086167946363 ,0.0,18:07:54 pm,1663677474789
1.6759412 ,0.5315128 ,11.44189,23.533945265226066,87.33009980991483 ,46.835997390747075,80.7086167946363 ,0.0,18:07:54 pm,1663677474793
2.018312 ,0.7493851 ,11.583148,23.533945265226066,87.33009980991483 ,46.835997390747075,80.7086167946363 ,0.0,18:07:54 pm,1663677474798
2.2864625 ,0.93852705 ,11.554418,23.533945265226066,87.33009980991483 ,46.835997390747075,80.7086167946363 ,0.0,18:07:54 pm,1663677474805
2.3942018 ,1.115698 ,12.035652,23.533945265226066,87.33009980991483 ,46.835997390747075,80.7086167946363 ,0.0,18:07:54 pm,1663677474811
2.2984335 ,1.2521675 ,12.926295,23.533945265226066,87.33009980991483 ,46.835997390747075,80.7086167946363 ,0.0,18:07:54 pm,1663677474813
1.970428 ,1.3431472 ,13.424289,23.533945265226066,87.33009980991483 ,46.835997390747075,80.7086167946363 ,0.0,18:07:54 pm,1663677474823
1.6807296 ,1.4077905 ,13.634978,23.533945265226066,87.33009980991483 ,46.835997390747075,80.7086167946363 ,0.0,18:07:54 pm,1663677474825
1.5035586 ,1.4413095 ,13.723564,23.533945265226066,87.33009980991483 ,46.835997390747075,80.7086167946363 ,0.0,18:07:54 pm,1663677474828
1.1109096 ,1.448492 ,13.484144,23.533945265226066,87.33009980991483 ,46.835997390747075,80.7086167946363 ,0.0,18:07:54 pm,1663677474833
0.56982 ,1.436521 ,12.385205,23.533945265226066,87.33009980991483 ,46.835997390747075,80.7086167946363 ,0.0,18:07:54 pm,1663677474840
0.3184288 ,1.3862427 ,11.358093,23.533945265226066,87.33009980991483 ,46.835997390747075,80.7086167946363 ,0.0,18:07:54 pm,1663677474843
-0.08140286 ,1.4437037 ,10.048465,23.533945265226066,87.33009980991483 ,46.835997390747075,80.7086167946363 ,0.0,18:07:54 pm,1663677474849
-0.2777274 ,1.4891934 ,8.743625,23.533945265226066,87.33009980991483 ,46.835997390747075,80.7086167946363 ,0.0,18:07:54 pm,1663677474856
-0.12689269 ,1.5634137 ,7.7452426,23.533945265226066,87.33009980991483 ,46.835997390747075,80.7086167946363 ,0.0,18:07:54 pm,1663677474859
0.019153614 ,1.7286136 ,6.670246,23.533945265226066,87.33009980991483 ,46.835997390747075,80.7086167946363 ,0.0,18:07:54 pm,1663677474864
0.007182605 ,1.8004397 ,5.98311,23.533945265226066,87.33009980991483 ,46.835997390747075,80.7086167946363 ,0.0,18:07:54 pm,1663677474873
0.15322891 ,1.7669208 ,5.1571107,23.533945265226066,87.33009980991483 ,46.835997390747075,80.7086167946363 ,0.0,18:07:54 pm,1663677474876
0.074220255 ,1.5658079 ,5.0397944,23.533945265226066,87.33009980991483 ,46.835997390747075,80.7086167946363 ,0.0,18:07:54 pm,1663677474879
-0.059855044 ,1.4030021 ,4.9416323,23.533945265226066,87.33009980991483 ,46.835997390747075,80.7086167946363 ,0.0,18:07:54 pm,1663677474884
-0.4381389 ,1.0869676 ,4.9823337,23.533945265226066,87.33009980991483 ,46.835997390747075,80.7086167946363 ,0.0,18:07:54 pm,1663677474891
-0.7422025 ,0.8283938 ,5.463568,23.533879844471812,87.32999185100198 ,47.5199993133545,80.7086167946363 ,0.0,18:07:54 pm,1663677474895
-1.0941502 ,0.5746084 ,6.655881,23.533879844471812,87.32999185100198 ,47.5199993133545,80.7086167946363 ,0.0,18:07:54 pm,1663677474899
-1.4748282 ,0.4405331 ,7.6375036,23.533879844471812,87.32999185100198 ,47.5199993133545,80.7086167946363 ,0.0,18:07:54 pm,1663677474906
-1.7118542 ,0.24181437 ,8.640674,23.533879844471812,87.32999185100198 ,47.5199993133545,80.7086167946363 ,0.0,18:07:54 pm,1663677474910
-2.0446482 ,-0.08619126 ,10.342952,23.533879844471812,87.32999185100198 ,47.5199993133545,80.7086167946363 ,0.0,18:07:54 pm,1663677474914
-2.3415294 ,-0.32561144 ,10.91756,23.533879844471812,87.32999185100198 ,47.5199993133545,80.7086167946363 ,0.0,18:07:54 pm,1663677474922
-2.6767175 ,-0.56982 ,11.27669,23.533879844471812,87.32999185100198 ,47.5199993133545,80.7086167946363 ,0.0,18:07:54 pm,1663677474924
-2.6839 ,-0.80205756 ,11.042058,23.533879844471812,87.32999185100198 ,47.5199993133545,80.7086167946363 ,0.0,18:07:54 pm,1663677474929
-2.8083985 ,-1.0582372 ,10.884041,23.533879844471812,87.32999185100198 ,47.5199993133545,80.7086167946363 ,0.0,18:07:54 pm,1663677474934
-2.870648 ,-1.328782 ,10.692505,23.533879844471812,87.32999185100198 ,47.5199993133545,80.7086167946363 ,0.0,18:07:54 pm,1663677474940
-2.789245 ,-1.364695 ,10.70687,23.533879844471812,87.32999185100198 ,47.5199993133545,80.7086167946363 ,0.0,18:07:54 pm,1663677474944
-2.707842 ,-1.3958195 ,10.709264,23.533879844471812,87.32999185100198 ,47.5199993133545,80.7086167946363 ,0.0,18:07:54 pm,1663677474949
-2.755726 ,-1.3096284 ,10.745177,23.533879844471812,87.32999185100198 ,47.5199993133545,80.7086167946363 ,0.0,18:07:54 pm,1663677474954
-2.767697 ,-1.2354081 ,11.437101,23.533879844471812,87.32999185100198 ,47.5199993133545,80.7086167946363 ,0.0,18:07:54 pm,1663677474959
-2.7222073 ,-0.94810385 ,11.221623,23.533879844471812,87.32999185100198 ,47.5199993133545,80.7086167946363 ,0.0,18:07:54 pm,1663677474963
-2.4947581 ,-0.641646 ,10.896012,23.533879844471812,87.32999185100198 ,47.5199993133545,80.7086167946363 ,0.0,18:07:54 pm,1663677474973
-2.1978772 ,-0.2633622 ,10.474632,23.533879844471812,87.32999185100198 ,47.5199993133545,80.7086167946363 ,0.0,18:07:54 pm,1663677474975
-2.0470424 ,-0.047884032 ,10.292673,23.533879844471812,87.32999185100198 ,47.5199993133545,80.7086167946363 ,0.0,18:07:54 pm,1663677474979
-1.5610195 ,0.095768064 ,9.648633,23.533879844471812,87.32999185100198 ,47.5199993133545,80.7086167946363 ,0.0,18:07:54 pm,1663677474985
-0.9816227 ,0.545878 ,8.556877,23.533879844471812,87.32999185100198 ,47.5199993133545,80.7086167946363 ,0.0,18:07:54 pm,1663677474991
-0.7158663 ,0.8331822 ,7.8386164,23.533879844471812,87.32999185100198 ,47.5199993133545,80.7086167946363 ,0.0,18:07:54 pm,1663677474994
-0.37588966 ,1.1563994 ,7.587225,23.533879844471812,87.32999185100198 ,47.5199993133545,80.7086167946363 ,0.0,18:07:54 pm,1663677474999
-0.076614454 ,1.4269443 ,7.455544,23.533879844471812,87.32999185100198 ,47.5199993133545,80.7086167946363 ,0.0,18:07:55 pm,1663677475006
0.1340753 ,1.5777789 ,7.395689,23.533879844471812,87.32999185100198 ,47.5199993133545,80.7086167946363 ,0.0,18:07:55 pm,1663677475010
0.11492168 ,1.7477672 ,7.836222,23.533879844471812,87.32999185100198 ,47.5199993133545,80.7086167946363 ,0.0,18:07:55 pm,1663677475014
0.045489833 ,1.8914193 ,8.14268,23.533879844471812,87.32999185100198 ,47.5199993133545,80.7086167946363 ,0.0,18:07:55 pm,1663677475023
0.050278235 ,1.9057846 ,8.676587,23.533879844471812,87.32999185100198 ,47.5199993133545,80.7086167946363 ,0.0,18:07:55 pm,1663677475025
0.22266077 ,1.9321208 ,9.006987,23.533879844471812,87.32999185100198 ,47.5199993133545,80.7086167946363 ,0.0,18:07:55 pm,1663677475030
0.15083471 ,1.8818425 ,9.227253,23.533879844471812,87.32999185100198 ,47.5199993133545,80.7086167946363 ,0.0,18:07:55 pm,1663677475034
-0.21547815 ,1.7310078 ,9.378088,23.533879844471812,87.32999185100198 ,47.5199993133545,80.7086167946363 ,0.0,18:07:55 pm,1663677475040
-0.36391866 ,1.4437037 ,9.3733,23.533879844471812,87.32999185100198 ,47.5199993133545,80.7086167946363 ,0.0,18:07:55 pm,1663677475044
-0.5434838 ,1.2066777 ,9.131485,23.533879844471812,87.32999185100198 ,47.5199993133545,80.7086167946363 ,0.0,18:07:55 pm,1663677475050
-0.7182605 ,1.0606314 ,9.3182335,23.533879844471812,87.32999185100198 ,47.5199993133545,80.7086167946363 ,0.0,18:07:55 pm,1663677475055
-0.7422025 ,0.8834604 ,9.763555,23.533879844471812,87.32999185100198 ,47.5199993133545,80.7086167946363 ,0.0,18:07:55 pm,1663677475060
-0.6991069 ,0.7206547 ,10.809821,23.533879844471812,87.32999185100198 ,47.5199993133545,80.7086167946363 ,0.0,18:07:55 pm,1663677475065
-0.7206547 ,0.61291564 ,11.568783,23.533879844471812,87.32999185100198 ,47.5199993133545,80.7086167946363 ,0.0,18:07:55 pm,1663677475073
-0.7541735 ,0.59136784 ,12.193669,23.533879844471812,87.32999185100198 ,47.5199993133545,80.7086167946363 ,0.0,18:07:55 pm,1663677475076
-0.6775591 ,0.60812724 ,12.94066,23.533879844471812,87.32999185100198 ,47.5199993133545,80.7086167946363 ,0.0,18:07:55 pm,1663677475080
-0.5722142 ,0.5626374 ,12.969391,23.533879844471812,87.32999185100198 ,47.5199993133545,80.7086167946363 ,0.0,18:07:55 pm,1663677475084
-0.5626374 ,0.58418524 ,13.113043,23.533879844471812,87.32999185100198 ,47.5199993133545,80.7086167946363 ,0.0,18:07:55 pm,1663677475091
-0.4261679 ,0.58657944 ,12.837709,23.533879844471812,87.32999185100198 ,47.5199993133545,80.7086167946363 ,0.0,18:07:55 pm,1663677475095
-0.39504328 ,0.61770403 ,12.117055,23.533879844471812,87.32999185100198 ,47.5199993133545,80.7086167946363 ,0.0,18:07:55 pm,1663677475100
-0.23463176 ,0.6799533 ,12.258312,23.533879844471812,87.32999185100198 ,47.5199993133545,80.7086167946363 ,0.0,18:07:55 pm,1663677475106
0.18435353 ,0.8762778 ,11.956643,23.533879844471812,87.32999185100198 ,47.5199993133545,80.7086167946363 ,0.0,18:07:55 pm,1663677475110
0.581791 ,1.0630256 ,11.542446,23.533879844471812,87.32999185100198 ,47.5199993133545,80.7086167946363 ,0.0,18:07:55 pm,1663677475116
0.7661445 ,1.127669 ,11.552023,23.533879844471812,87.32999185100198 ,47.5199993133545,80.7086167946363 ,0.0,18:07:55 pm,1663677475122
0.7374141 ,1.2641385 ,11.609484,23.533879844471812,87.32999185100198 ,47.5199993133545,80.7086167946363 ,0.0,18:07:55 pm,1663677475125
0.7206547 ,1.3072342 ,11.518504,23.533879844471812,87.32999185100198 ,47.5199993133545,80.7086167946363 ,0.0,18:07:55 pm,1663677475130
0.7469909 ,1.3623008 ,11.712435,23.533879844471812,87.32999185100198 ,47.5199993133545,80.7086167946363 ,0.0,18:07:55 pm,1663677475136
0.32800564 ,1.3359646 ,11.537658,23.533879844471812,87.32999185100198 ,47.5199993133545,80.7086167946363 ,0.0,18:07:55 pm,1663677475143
0.21787235 ,1.2425907 ,11.092337,23.533879844471812,87.32999185100198 ,47.5199993133545,80.7086167946363 ,0.0,18:07:55 pm,1663677475147
0.06464344 ,1.2952632 ,10.278308,23.533879844471812,87.32999185100198 ,47.5199993133545,80.7086167946363 ,0.0,18:07:55 pm,1663677475151
0.02873042 ,1.4939818 ,9.294291,23.533879844471812,87.32999185100198 ,47.5199993133545,80.7086167946363 ,0.0,18:07:55 pm,1663677475157
-0.05267244 ,1.5682021 ,8.348581,23.533879844471812,87.32999185100198 ,47.5199993133545,80.7086167946363 ,0.0,18:07:55 pm,1663677475160
0.01436521 ,1.6783354 ,7.36217,23.533879844471812,87.32999185100198 ,47.5199993133545,80.7086167946363 ,0.0,18:07:55 pm,1663677475165
0.20111294 ,1.8100165 ,6.4906807,23.533879844471812,87.32999185100198 ,47.5199993133545,80.7086167946363 ,0.0,18:07:55 pm,1663677475172
0.12210429 ,1.9680338 ,5.626374,23.533879844471812,87.32999185100198 ,47.5199993133545,80.7086167946363 ,0.0,18:07:55 pm,1663677475176
0.1604115 ,1.9440918 ,5.1140146,23.533879844471812,87.32999185100198 ,47.5199993133545,80.7086167946363 ,0.0,18:07:55 pm,1663677475180
0.15322891 ,1.7908629 ,4.7620673,23.533879844471812,87.32999185100198 ,47.5199993133545,80.7086167946363 ,0.0,18:07:55 pm,1663677475185
0.12449849 ,1.6496049 ,4.685453,23.533879844471812,87.32999185100198 ,47.5199993133545,80.7086167946363 ,0.0,18:07:55 pm,1663677475191
0.011971008 ,1.460463 ,4.927267,23.533879844471812,87.32999185100198 ,47.5199993133545,80.7086167946363 ,0.0,18:07:55 pm,1663677475195
-0.079008654 ,1.1683705 ,5.427655,23.533879844471812,87.32999185100198 ,47.5199993133545,80.7086167946363 ,0.0,18:07:55 pm,1663677475201
-0.062249243 ,0.90740246 ,6.315904,23.533879844471812,87.32999185100198 ,47.5199993133545,80.7086167946363 ,0.0,18:07:55 pm,1663677475207
-0.19153613 ,0.7134721 ,7.285556,23.533879844471812,87.32999185100198 ,47.5199993133545,80.7086167946363 ,0.0,18:07:55 pm,1663677475211
-0.59136784 ,0.5363012 ,8.6334915,23.533879844471812,87.32999185100198 ,47.5199993133545,80.7086167946363 ,0.0,18:07:55 pm,1663677475215
-0.8834604 ,0.30166942 ,9.351752,23.533879844471812,87.32999185100198 ,47.5199993133545,80.7086167946363 ,0.0,18:07:55 pm,1663677475222
-1.3910311 ,-0.023942016 ,9.78989,23.533879844471812,87.32999185100198 ,47.5199993133545,80.7086167946363 ,0.0,18:07:55 pm,1663677475226
-1.5610195 ,-0.19153613 ,9.916783,23.533879844471812,87.32999185100198 ,47.5199993133545,80.7086167946363 ,0.0,18:07:55 pm,1663677475230
-1.6639702 ,-0.29688102 ,9.720459,23.533879844471812,87.32999185100198 ,47.5199993133545,80.7086167946363 ,0.0,18:07:55 pm,1663677475239
