x,y,z,latitude,longitude,speed,sound,light,time,timestamp
1.2808979 ,2.006341 ,6.179435,23.538359426893294,87.33286617323756 ,57.02399711608887,88.79008625647012 ,0.0,18:56:40 pm,1663162000015
1.0941502 ,1.271321 ,6.093243,23.538359426893294,87.33286617323756 ,57.02399711608887,88.79008625647012 ,0.0,18:56:40 pm,1663162000020
0.78529817 ,0.78290397 ,7.1849995,23.538359426893294,87.33286617323756 ,57.02399711608887,88.79008625647012 ,0.0,18:56:40 pm,1663162000026
0.39743748 ,0.62488663 ,9.294291,23.538359426893294,87.33286617323756 ,57.02399711608887,88.79008625647012 ,0.0,18:56:40 pm,1663162000030
0.19632454 ,0.60333884 ,9.648633,23.538359426893294,87.33286617323756 ,57.02399711608887,88.79008625647012 ,0.0,18:56:40 pm,1663162000035
-0.17238252 ,0.7110779 ,8.870518,23.538359426893294,87.33286617323756 ,57.02399711608887,88.79008625647012 ,0.0,18:56:40 pm,1663162000042
-0.2777274 ,0.9983821 ,9.481039,23.538359426893294,87.33286617323756 ,57.02399711608887,88.79008625647012 ,0.0,18:56:40 pm,1663162000045
-0.1436521 ,1.1587936 ,10.010158,23.538359426893294,87.33286617323756 ,57.02399711608887,88.79008625647012 ,0.0,18:56:40 pm,1663162000050
0.19393034 ,1.2497733 ,10.177752,23.538359426893294,87.33286617323756 ,57.02399711608887,88.79008625647012 ,0.0,18:56:40 pm,1663162000058
0.28491 ,1.1085154 ,10.357317,23.538359426893294,87.33286617323756 ,57.02399711608887,88.79008625647012 ,0.0,18:56:40 pm,1663162000061
0.37349546 ,0.80445176 ,11.133038,23.538359426893294,87.33286617323756 ,57.02399711608887,88.79008625647012 ,0.0,18:56:40 pm,1663162000065
0.62009823 ,0.58657944 ,11.015722,23.538359426893294,87.33286617323756 ,57.02399711608887,88.79008625647012 ,0.0,18:56:40 pm,1663162000070
0.90261406 ,0.59376204 ,10.812215,23.538359426893294,87.33286617323756 ,57.02399711608887,88.79008625647012 ,0.0,18:56:40 pm,1663162000076
1.0582372 ,0.90261406 ,9.787497,23.538359426893294,87.33286617323756 ,57.02399711608887,88.79008625647012 ,0.0,18:56:40 pm,1663162000080
0.9648633 ,1.0582372 ,9.188946,23.538359426893294,87.33286617323756 ,57.02399711608887,88.79008625647012 ,0.0,18:56:40 pm,1663162000085
0.7733272 ,1.2258313 ,9.102755,23.538359426893294,87.33286617323756 ,57.02399711608887,88.79008625647012 ,0.0,18:56:40 pm,1663162000091
0.21068975 ,1.6352397 ,7.819463,23.538359426893294,87.33286617323756 ,57.02399711608887,88.79008625647012 ,0.0,18:56:40 pm,1663162000096
-0.090979666 ,2.0159178 ,6.909666,23.538359426893294,87.33286617323756 ,57.02399711608887,88.79008625647012 ,0.0,18:56:40 pm,1663162000101
-0.12689269 ,2.408567 ,8.875306,23.538359426893294,87.33286617323756 ,57.02399711608887,88.79008625647012 ,0.0,18:56:40 pm,1663162000109
-0.045489833 ,2.5689783 ,9.143456,23.538359426893294,87.33286617323756 ,57.02399711608887,88.79008625647012 ,0.0,18:56:40 pm,1663162000111
-0.1388637 ,2.4588451 ,8.935161,23.538359426893294,87.33286617323756 ,57.02399711608887,88.79008625647012 ,0.0,18:56:40 pm,1663162000115
-0.10055647 ,2.0494366 ,9.090784,23.538359426893294,87.33286617323756 ,57.02399711608887,88.79008625647012 ,0.0,18:56:40 pm,1663162000121
-0.047884032 ,1.8794483 ,7.85777,23.538359426893294,87.33286617323756 ,57.02399711608887,88.79008625647012 ,0.0,18:56:40 pm,1663162000127
0.05267244 ,1.9033904 ,7.067683,23.538359426893294,87.33286617323756 ,57.02399711608887,88.79008625647012 ,0.0,18:56:40 pm,1663162000130
0.2681506 ,2.0566192 ,8.324639,23.538359426893294,87.33286617323756 ,57.02399711608887,88.79008625647012 ,0.0,18:56:40 pm,1663162000136
0.49081135 ,2.3295584 ,9.138668,23.538359426893294,87.33286617323756 ,57.02399711608887,88.79008625647012 ,0.0,18:56:40 pm,1663162000142
0.5746084 ,2.3558946 ,9.217676,23.538359426893294,87.33286617323756 ,57.02399711608887,88.79008625647012 ,0.0,18:56:40 pm,1663162000145
0.50517654 ,2.3343468 ,9.107543,23.538359426893294,87.33286617323756 ,57.02399711608887,88.79008625647012 ,0.0,18:56:40 pm,1663162000150
0.7326257 ,2.243367 ,9.167398,23.538359426893294,87.33286617323756 ,57.02399711608887,88.79008625647012 ,0.0,18:56:40 pm,1663162000158
0.9768343 ,2.1452048 ,10.067618,23.538359426893294,87.33286617323756 ,57.02399711608887,88.79008625647012 ,0.0,18:56:40 pm,1663162000161
1.1180922 ,2.006341 ,11.453861,23.538359426893294,87.33286617323756 ,57.02399711608887,88.79008625647012 ,0.0,18:56:40 pm,1663162000166
1.1994951 ,1.6927006 ,12.306197,23.538359426893294,87.33286617323756 ,57.02399711608887,88.79008625647012 ,0.0,18:56:40 pm,1663162000171
0.91697925 ,1.2593501 ,11.860875,23.538359426893294,87.33286617323756 ,57.02399711608887,88.79008625647012 ,0.0,18:56:40 pm,1663162000177
0.23942018 ,0.79966336 ,11.465832,23.538359426893294,87.33286617323756 ,57.02399711608887,88.79008625647012 ,0.0,18:56:40 pm,1663162000181
-0.25617957 ,0.7685388 ,11.702858,23.538359426893294,87.33286617323756 ,57.02399711608887,88.79008625647012 ,0.0,18:56:40 pm,1663162000186
-0.36631286 ,1.0271125 ,12.808979,23.538359426893294,87.33286617323756 ,57.02399711608887,88.79008625647012 ,0.0,18:56:40 pm,1663162000192
-0.22744916 ,1.3862427 ,14.717158,23.538359426893294,87.33286617323756 ,57.02399711608887,88.79008625647012 ,0.0,18:56:40 pm,1663162000197
-0.30645782 ,1.7070658 ,15.796943,23.538359426893294,87.33286617323756 ,57.02399711608887,88.79008625647012 ,0.0,18:56:40 pm,1663162000201
-0.9935937 ,2.0733786 ,13.90313,23.538359426893294,87.33286617323756 ,57.02399711608887,88.79008625647012 ,0.0,18:56:40 pm,1663162000208
-1.0390835 ,2.1212628 ,11.971008,23.538359426893294,87.33286617323756 ,57.02399711608887,88.79008625647012 ,0.0,18:56:40 pm,1663162000212
-0.44532153 ,2.2098482 ,11.372458,23.538359426893294,87.33286617323756 ,57.02399711608887,88.79008625647012 ,0.0,18:56:40 pm,1663162000216
0.23463176 ,2.291251 ,10.204087,23.538359426893294,87.33286617323756 ,57.02399711608887,88.79008625647012 ,0.0,18:56:40 pm,1663162000221
0.7206547 ,2.219425 ,9.224859,23.538359426893294,87.33286617323756 ,57.02399711608887,88.79008625647012 ,0.0,18:56:40 pm,1663162000227
0.80205756 ,2.0805612 ,8.995016,23.538359426893294,87.33286617323756 ,57.02399711608887,88.79008625647012 ,0.0,18:56:40 pm,1663162000231
0.3854665 ,1.9177556 ,8.963891,23.538359426893294,87.33286617323756 ,57.02399711608887,88.79008625647012 ,0.0,18:56:40 pm,1663162000236
-0.06464344 ,1.7812861 ,7.2472486,23.538359426893294,87.33286617323756 ,57.02399711608887,88.79008625647012 ,0.0,18:56:40 pm,1663162000242
-0.47165772 ,1.7118542 ,7.165846,23.538359426893294,87.33286617323756 ,57.02399711608887,88.79008625647012 ,0.0,18:56:40 pm,1663162000246
-0.50757074 ,1.9847932 ,8.161834,23.538359426893294,87.33286617323756 ,57.02399711608887,88.79008625647012 ,0.0,18:56:40 pm,1663162000251
-0.6919243 ,2.4109612 ,8.7771435,23.538359426893294,87.33286617323756 ,57.02399711608887,88.79008625647012 ,0.0,18:56:40 pm,1663162000259
-1.0749966 ,2.5594015 ,9.066842,23.538359426893294,87.33286617323756 ,57.02399711608887,88.79008625647012 ,0.0,18:56:40 pm,1663162000262
-1.5514427 ,2.3247697 ,9.057265,23.538359426893294,87.33286617323756 ,57.02399711608887,88.79008625647012 ,0.0,18:56:40 pm,1663162000265
-1.3599066 ,1.9177556 ,8.420407,23.538359426893294,87.33286617323756 ,57.02399711608887,88.79008625647012 ,0.0,18:56:40 pm,1663162000271
-1.0390835 ,1.4772224 ,8.480263,23.538359426893294,87.33286617323756 ,57.02399711608887,88.79008625647012 ,0.0,18:56:40 pm,1663162000277
-0.7350199 ,1.1492168 ,9.358934,23.538359426893294,87.33286617323756 ,57.02399711608887,88.79008625647012 ,0.0,18:56:40 pm,1663162000281
-0.4189853 ,1.103727 ,10.180145,23.538359426893294,87.33286617323756 ,57.02399711608887,88.79008625647012 ,0.0,18:56:40 pm,1663162000286
-0.39504328 ,1.2425907 ,9.428367,23.538359426893294,87.33286617323756 ,57.02399711608887,88.79008625647012 ,0.0,18:56:40 pm,1663162000293
-0.5434838 ,1.2808979 ,9.442732,23.538359426893294,87.33286617323756 ,57.02399711608887,88.79008625647012 ,0.0,18:56:40 pm,1663162000296
-0.6703765 ,1.3742718 ,10.9343195,23.538359426893294,87.33286617323756 ,57.02399711608887,88.79008625647012 ,0.0,18:56:40 pm,1663162000301
-0.6344634 ,1.6783354 ,11.9853735,23.538359426893294,87.33286617323756 ,57.02399711608887,88.79008625647012 ,0.0,18:56:40 pm,1663162000309
-0.37349546 ,1.8722657 ,12.476185,23.538359426893294,87.33286617323756 ,57.02399711608887,88.79008625647012 ,0.0,18:56:40 pm,1663162000312
-0.15562311 ,2.1212628 ,12.162544,23.538359426893294,87.33286617323756 ,57.02399711608887,88.79008625647012 ,0.0,18:56:40 pm,1663162000317
0.095768064 ,2.2242134 ,12.035652,23.538359426893294,87.33286617323756 ,57.02399711608887,88.79008625647012 ,0.0,18:56:40 pm,1663162000321
0.5243302 ,2.2266076 ,10.443508,23.538359426893294,87.33286617323756 ,57.02399711608887,88.79008625647012 ,0.0,18:56:40 pm,1663162000327
1.1492168 ,2.0207062 ,8.12592,23.538359426893294,87.33286617323756 ,57.02399711608887,88.79008625647012 ,0.0,18:56:40 pm,1663162000332
1.7046716 ,1.9919758 ,7.3765354,23.538359426893294,87.33286617323756 ,57.02399711608887,88.79008625647012 ,0.0,18:56:40 pm,1663162000337
2.0494366 ,2.1787236 ,7.699753,23.538359426893294,87.33286617323756 ,57.02399711608887,88.79008625647012 ,0.0,18:56:40 pm,1663162000343
2.2505496 ,2.4396915 ,8.030152,23.538359426893294,87.33286617323756 ,57.02399711608887,88.79008625647012 ,0.0,18:56:40 pm,1663162000347
2.1068976 ,2.5617957 ,7.575254,23.538359426893294,87.33286617323756 ,57.02399711608887,88.79008625647012 ,0.0,18:56:40 pm,1663162000352
1.7525556 ,2.5953147 ,6.969521,23.538359426893294,87.33286617323756 ,57.02399711608887,88.79008625647012 ,0.0,18:56:40 pm,1663162000359
1.4269443 ,2.4732103 ,6.244078,23.538359426893294,87.33286617323756 ,57.02399711608887,88.79008625647012 ,0.0,18:56:40 pm,1663162000362
1.0965444 ,2.27928 ,7.941567,23.538359426893294,87.33286617323756 ,57.02399711608887,88.79008625647012 ,0.0,18:56:40 pm,1663162000366
0.9816227 ,2.1571758 ,9.691729,23.538359426893294,87.33286617323756 ,57.02399711608887,88.79008625647012 ,0.0,18:56:40 pm,1663162000372
0.9600749 ,1.9273324 ,10.936713,23.538359426893294,87.33286617323756 ,57.02399711608887,88.79008625647012 ,0.0,18:56:40 pm,1663162000378
1.1444284 ,1.553837 ,10.038888,23.538359426893294,87.33286617323756 ,57.02399711608887,88.79008625647012 ,0.0,18:56:40 pm,1663162000382
1.2473791 ,1.151611 ,9.514558,23.538359426893294,87.33286617323756 ,57.02399711608887,88.79008625647012 ,0.0,18:56:40 pm,1663162000387
1.2401965 ,1.0127473 ,10.163386,23.538359426893294,87.33286617323756 ,57.02399711608887,88.79008625647012 ,0.0,18:56:40 pm,1663162000393
0.78290397 ,0.8619126 ,11.971008,23.538359426893294,87.33286617323756 ,57.02399711608887,88.79008625647012 ,0.0,18:56:40 pm,1663162000397
0.44771573 ,0.770933 ,13.357251,23.538359426893294,87.33286617323756 ,57.02399711608887,88.79008625647012 ,0.0,18:56:40 pm,1663162000402
-0.34476504 ,0.7182605 ,12.480973,23.538359426893294,87.33286617323756 ,57.02399711608887,88.79008625647012 ,0.0,18:56:40 pm,1663162000409
-1.0319009 ,0.61052144 ,11.118672,23.538359426893294,87.33286617323756 ,57.02399711608887,88.79008625647012 ,0.0,18:56:40 pm,1663162000412
-1.1659763 ,0.7038953 ,11.226412,23.538359426893294,87.33286617323756 ,57.02399711608887,88.79008625647012 ,0.0,18:56:40 pm,1663162000417
-0.50996494 ,1.1348516 ,11.480197,23.538359426893294,87.33286617323756 ,57.02399711608887,88.79008625647012 ,0.0,18:56:40 pm,1663162000426
0.2633622 ,1.436521 ,10.795456,23.538359426893294,87.33286617323756 ,57.02399711608887,88.79008625647012 ,0.0,18:56:40 pm,1663162000428
0.8834604 ,1.8267759 ,9.821015,23.538359426893294,87.33286617323756 ,57.02399711608887,88.79008625647012 ,0.0,18:56:40 pm,1663162000432
1.4915876 ,1.9560628 ,8.829816,23.538359426893294,87.33286617323756 ,57.02399711608887,88.79008625647012 ,0.0,18:56:40 pm,1663162000437
1.8076223 ,2.0015526 ,7.675811,23.538359426893294,87.33286617323756 ,57.02399711608887,90.8536546100498 ,0.0,18:56:40 pm,1663162000443
1.8746599 ,1.8435353 ,8.066066,23.538359426893294,87.33286617323756 ,57.02399711608887,90.8536546100498 ,0.0,18:56:40 pm,1663162000447
1.8579005 ,1.910573 ,8.418014,23.538359426893294,87.33286617323756 ,57.02399711608887,90.8536546100498 ,0.0,18:56:40 pm,1663162000452
1.2976574 ,2.2218192 ,7.5944076,23.538359426893294,87.33286617323756 ,57.02399711608887,90.8536546100498 ,0.0,18:56:40 pm,1663162000459
0.7517793 ,2.408567 ,7.1706343,23.538359426893294,87.33286617323756 ,57.02399711608887,90.8536546100498 ,0.0,18:56:40 pm,1663162000462
0.06703765 ,2.4588451 ,8.870518,23.538359426893294,87.33286617323756 ,57.02399711608887,90.8536546100498 ,0.0,18:56:40 pm,1663162000467
-0.24420857 ,2.4420857 ,10.180145,23.538359426893294,87.33286617323756 ,57.02399711608887,90.8536546100498 ,0.0,18:56:40 pm,1663162000474
-0.44771573 ,2.5234885 ,10.225636,23.538359426893294,87.33286617323756 ,57.02399711608887,90.8536546100498 ,0.0,18:56:40 pm,1663162000477
-0.06943185 ,2.621651 ,10.16578,23.538359426893294,87.33286617323756 ,57.02399711608887,90.8536546100498 ,0.0,18:56:40 pm,1663162000482
0.05746084 ,2.6791117 ,8.317456,23.538359426893294,87.33286617323756 ,57.02399711608887,90.8536546100498 ,0.0,18:56:40 pm,1663162000488
-0.011971008 ,2.944868 ,6.7851677,23.538359426893294,87.33286617323756 ,57.02399711608887,90.8536546100498 ,0.0,18:56:40 pm,1663162000494
-0.023942016 ,3.1747115 ,6.682217,23.538359426893294,87.33286617323756 ,57.02399711608887,90.8536546100498 ,0.0,18:56:40 pm,1663162000498
0.18435353 ,3.3518825 ,8.130709,23.538359426893294,87.33286617323756 ,57.02399711608887,90.8536546100498 ,0.0,18:56:40 pm,1663162000502
0.062249243 ,3.241749 ,8.779537,23.538359426893294,87.33286617323756 ,57.02399711608887,90.8536546100498 ,0.0,18:56:40 pm,1663162000509
0.10055647 ,3.2369606 ,7.9343843,23.538359426893294,87.33286617323756 ,57.02399711608887,90.8536546100498 ,0.0,18:56:40 pm,1663162000514
